10065 10072 - 10083 10090 : 0.599107
10088 10096 - 10092 10100 : 0.553042
10146 10154 - 10125 10133 : 0.556746
10200 10209 - 10202 10211 : 0.578968
10250 10257 - 10266 10273 : 0.578274
1047 1058 - 1062 1073 : 0.505889
10538 10547 - 10518 10527 : 0.503016
10544 10552 - 10536 10544 : 0.577910
10576 10584 - 10589 10597 : 0.550132
10585 10596 - 10574 10585 : 0.542033
10669 10685 - 10634 10650 : 0.532220
10713 10726 - 10731 10744 : 0.530925
10777 10787 - 10772 10782 : 0.572799
1080 1090 - 1042 1052 : 0.520274
10849 10857 - 10822 10830 : 0.577910
10928 10940 - 10952 10964 : 0.531416
10944 10954 - 10980 10990 : 0.505519
11002 11011 - 10980 10989 : 0.521349
11024 11040 - 10998 11014 : 0.501784
1108 1117 - 1112 1121 : 0.500635
11084 11095 - 11117 11128 : 0.553211
11178 11188 - 11186 11196 : 0.506782
11252 11261 - 11207 11216 : 0.553016
11277 11285 - 11314 11322 : 0.577910
11395 11408 - 11385 11398 : 0.590848
11399 11409 - 11389 11399 : 0.574423
11718 11725 - 11762 11769 : 0.522024
11817 11827 - 11792 11802 : 0.520274
11889 11902 - 11892 11905 : 0.525568
12143 12153 - 12136 12146 : 0.535029
12254 12264 - 12302 12312 : 0.512302
12317 12326 - 12275 12284 : 0.590516
12376 12385 - 12358 12367 : 0.569683
12450 12458 - 12419 12427 : 0.593783
12507 12514 - 12554 12561 : 0.547024
12643 12651 - 12648 12656 : 0.577910
12752 12763 - 12747 12758 : 0.541074
12816 12829 - 12860 12873 : 0.553544
12873 12882 - 12898 12907 : 0.600635
13013 13020 - 13008 13015 : 0.557440
1302 1309 - 1320 1327 : 0.599107
13079 13088 - 13115 13124 : 0.517302
13103 13115 - 13133 13145 : 0.527570
13131 13140 - 13160 13169 : 0.507183
13227 13238 - 13276 13287 : 0.575797
1325 1333 - 1329 1337 : 0.553042
13277 13285 - 13228 13236 : 0.540873
13473 13483 - 13457 13467 : 0.520274
13580 13590 - 13600 13610 : 0.565729
13594 13608 - 13563 13577 : 0.592356
13664 13675 - 13626 13637 : 0.553211
13744 13754 - 13750 13760 : 0.527453
1383 1391 - 1362 1370 : 0.556746
13886 13895 - 13850 13859 : 0.567302
13989 13998 - 13947 13956 : 0.528968
14059 14068 - 14045 14054 : 0.662302
14115 14124 - 14156 14165 : 0.745635
14151 14158 - 14117 14124 : 0.515774
14211 14220 - 14239 14248 : 0.528016
14240 14253 - 14259 14272 : 0.577753
14341 14349 - 14377 14385 : 0.543783
1437 1446 - 1439 1448 : 0.578968
14373 14384 - 14334 14345 : 0.503938
14391 14401 - 14398 14408 : 0.521068
14493 14501 - 14479 14487 : 0.540873
14630 14640 - 14627 14637 : 0.625938
14814 14823 - 14802 14811 : 0.520516
14825 14834 - 14812 14821 : 0.550635
14858 14870 - 14854 14866 : 0.531416
1487 1494 - 1503 1510 : 0.578274
14932 14940 - 14953 14961 : 0.510450
14991 14999 - 15010 15018 : 0.588228
15021 15030 - 14991 15000 : 0.553016
15025 15033 - 15039 15047 : 0.540873
15060 15071 - 15089 15100 : 0.513297
15067 15076 - 15023 15032 : 0.533968
15231 15244 - 15234 15247 : 0.513779
15327 15335 - 15304 15312 : 0.519709
15387 15400 - 15430 15443 : 0.500514
15518 15526 - 15523 15531 : 0.556746
15535 15544 - 15545 15554 : 0.628968
15624 15636 - 15590 15602 : 0.513284
15669 15677 - 15636 15644 : 0.662302
15725 15735 - 15748 15758 : 0.512698
15746 15758 - 15790 15802 : 0.535262
15782 15793 - 15826 15837 : 0.582741
15809 15819 - 15785 15795 : 0.506241
15914 15927 - 15905 15918 : 0.509045
15996 16004 - 16006 16014 : 0.577910
16025 16034 - 15983 15992 : 0.503016
16063 16073 - 16093 16103 : 0.565729
16114 16121 - 16073 16080 : 0.522024
16140 16150 - 16136 16146 : 0.566847
16190 16198 - 16214 16222 : 0.577910
16210 16221 - 16243 16254 : 0.600433
16331 16339 - 16324 16332 : 0.577910
1636 1646 - 1593 1603 : 0.506241
16366 16374 - 16365 16373 : 0.556746
16524 16533 - 16503 16512 : 0.550635
16544 16552 - 16520 16528 : 0.540873
16589 16597 - 16577 16585 : 0.540873
16652 16660 - 16605 16613 : 0.593783
16754 16763 - 16743 16752 : 0.532063
16865 16879 - 16819 16833 : 0.569785
16883 16893 - 16881 16891 : 0.604726
17132 17142 - 17120 17130 : 0.500830
17276 17283 - 17282 17289 : 0.522024
17334 17344 - 17344 17354 : 0.545527
17353 17365 - 17322 17334 : 0.519877
17391 17398 - 17367 17374 : 0.557440
17559 17568 - 17510 17519 : 0.587302
17734 17744 - 17741 17751 : 0.565332
1775 1784 - 1755 1764 : 0.503016
17762 17772 - 17727 17737 : 0.573304
17787 17795 - 17775 17783 : 0.514153
17814 17828 - 17850 17864 : 0.559658
17911 17920 - 17867 17876 : 0.538968
17948 17957 - 17901 17910 : 0.517302
18017 18025 - 18016 18024 : 0.577910
18077 18086 - 18054 18063 : 0.512183
18126 18135 - 18153 18162 : 0.553968
1813 1821 - 1826 1834 : 0.550132
18149 18157 - 18122 18130 : 0.543783
18209 18222 - 18230 18243 : 0.526835
1822 1833 - 1811 1822 : 0.542033
18240 18250 - 18280 18290 : 0.565332
18379 18387 - 18397 18405 : 0.556746
18414 18426 - 18390 18402 : 0.509127
18457 18465 - 18482 18490 : 0.538228
18573 18584 - 18588 18599 : 0.505889
18606 18616 - 18568 18578 : 0.520274
18634 18643 - 18638 18647 : 0.500635
18660 18668 - 18647 18655 : 0.503836
18828 18835 - 18846 18853 : 0.599107
18851 18859 - 18855 18863 : 0.553042
18909 18917 - 18888 18896 : 0.556746
18963 18972 - 18965 18974 : 0.578968
19013 19020 - 19029 19036 : 0.578274
1906 1922 - 1871 1887 : 0.532220
19078 19086 - 19046 19054 : 0.556746
19162 19172 - 19119 19129 : 0.506241
19301 19310 - 19281 19290 : 0.503016
19307 19315 - 19299 19307 : 0.577910
19339 19347 - 19352 19360 : 0.550132
19348 19359 - 19337 19348 : 0.542033
19432 19448 - 19397 19413 : 0.532220
19476 19489 - 19494 19507 : 0.530925
1950 1963 - 1968 1981 : 0.530925
19540 19550 - 19535 19545 : 0.572799
19612 19620 - 19585 19593 : 0.577910
19691 19703 - 19715 19727 : 0.531416
19707 19717 - 19743 19753 : 0.505519
19765 19774 - 19743 19752 : 0.521349
19787 19803 - 19761 19777 : 0.501784
19847 19858 - 19880 19891 : 0.553211
19941 19951 - 19949 19959 : 0.506782
20015 20024 - 19970 19979 : 0.553016
20040 20048 - 20077 20085 : 0.577910
2014 2024 - 2009 2019 : 0.572799
20158 20171 - 20148 20161 : 0.590848
20162 20172 - 20152 20162 : 0.574423
20481 20488 - 20525 20532 : 0.522024
20580 20590 - 20555 20565 : 0.520274
20652 20665 - 20655 20668 : 0.525568
208 218 - 215 225 : 0.565332
2086 2094 - 2059 2067 : 0.577910
20906 20916 - 20899 20909 : 0.535029
21017 21027 - 21065 21075 : 0.512302
21080 21089 - 21038 21047 : 0.590516
21139 21148 - 21121 21130 : 0.569683
21213 21221 - 21182 21190 : 0.593783
21270 21277 - 21317 21324 : 0.547024
21406 21414 - 21411 21419 : 0.577910
21515 21526 - 21510 21521 : 0.541074
21579 21592 - 21623 21636 : 0.553544
21636 21645 - 21661 21670 : 0.600635
2165 2177 - 2189 2201 : 0.531416
21776 21783 - 21771 21778 : 0.557440
2181 2191 - 2217 2227 : 0.505519
21842 21851 - 21878 21887 : 0.517302
21866 21878 - 21896 21908 : 0.527570
21894 21903 - 21923 21932 : 0.507183
21990 22001 - 22039 22050 : 0.575797
22040 22048 - 21991 21999 : 0.540873
22236 22246 - 22220 22230 : 0.520274
22343 22353 - 22363 22373 : 0.565729
22357 22371 - 22326 22340 : 0.592356
22427 22438 - 22389 22400 : 0.553211
22507 22517 - 22513 22523 : 0.527453
2261 2277 - 2235 2251 : 0.501784
22649 22658 - 22613 22622 : 0.567302
22752 22761 - 22710 22719 : 0.528968
22822 22831 - 22808 22817 : 0.662302
22878 22887 - 22919 22928 : 0.745635
22914 22921 - 22880 22887 : 0.515774
22974 22983 - 23002 23011 : 0.528016
23003 23016 - 23022 23035 : 0.577753
23104 23112 - 23140 23148 : 0.543783
23136 23147 - 23097 23108 : 0.503938
23154 23164 - 23161 23171 : 0.521068
2321 2332 - 2354 2365 : 0.553211
23256 23264 - 23242 23250 : 0.540873
23393 23403 - 23390 23400 : 0.625938
23577 23586 - 23565 23574 : 0.520516
23588 23597 - 23575 23584 : 0.550635
236 246 - 201 211 : 0.573304
23621 23633 - 23617 23629 : 0.531416
23695 23703 - 23716 23724 : 0.510450
23754 23762 - 23773 23781 : 0.588228
23784 23793 - 23754 23763 : 0.553016
23788 23796 - 23802 23810 : 0.540873
23823 23834 - 23852 23863 : 0.513297
23994 24007 - 23997 24010 : 0.513779
24090 24098 - 24067 24075 : 0.519709
2415 2425 - 2423 2433 : 0.506782
24150 24163 - 24193 24206 : 0.500514
24281 24289 - 24286 24294 : 0.556746
24298 24307 - 24308 24317 : 0.628968
24387 24399 - 24353 24365 : 0.513284
24432 24440 - 24399 24407 : 0.662302
24488 24498 - 24511 24521 : 0.512698
24509 24521 - 24553 24565 : 0.535262
24545 24556 - 24589 24600 : 0.582741
24572 24582 - 24548 24558 : 0.506241
24677 24690 - 24668 24681 : 0.509045
24759 24767 - 24769 24777 : 0.577910
24788 24797 - 24746 24755 : 0.503016
24826 24836 - 24856 24866 : 0.565729
24877 24884 - 24836 24843 : 0.522024
2489 2498 - 2444 2453 : 0.553016
24903 24913 - 24899 24909 : 0.566847
24953 24961 - 24977 24985 : 0.577910
24973 24984 - 25006 25017 : 0.600433
25094 25102 - 25087 25095 : 0.577910
25129 25137 - 25128 25136 : 0.556746
2514 2522 - 2551 2559 : 0.577910
25287 25296 - 25266 25275 : 0.550635
25307 25315 - 25283 25291 : 0.540873
25352 25360 - 25340 25348 : 0.540873
25415 25423 - 25368 25376 : 0.593783
25517 25526 - 25506 25515 : 0.532063
25628 25642 - 25582 25596 : 0.569785
25646 25656 - 25644 25654 : 0.604726
25895 25905 - 25883 25893 : 0.500830
26039 26046 - 26045 26052 : 0.522024
26097 26107 - 26107 26117 : 0.545527
261 269 - 249 257 : 0.514153
26116 26128 - 26085 26097 : 0.519877
26154 26161 - 26130 26137 : 0.557440
2632 2645 - 2622 2635 : 0.590848
26322 26331 - 26273 26282 : 0.587302
2636 2646 - 2626 2636 : 0.574423
26497 26507 - 26504 26514 : 0.565332
26525 26535 - 26490 26500 : 0.573304
26550 26558 - 26538 26546 : 0.514153
26577 26591 - 26613 26627 : 0.559658
26674 26683 - 26630 26639 : 0.538968
26711 26720 - 26664 26673 : 0.517302
26780 26788 - 26779 26787 : 0.577910
26840 26849 - 26817 26826 : 0.512183
26889 26898 - 26916 26925 : 0.553968
26912 26920 - 26885 26893 : 0.543783
26972 26985 - 26993 27006 : 0.526835
27003 27013 - 27043 27053 : 0.565332
27142 27150 - 27160 27168 : 0.556746
27177 27189 - 27153 27165 : 0.509127
27220 27228 - 27245 27253 : 0.538228
27336 27347 - 27351 27362 : 0.505889
27369 27379 - 27331 27341 : 0.520274
27397 27406 - 27401 27410 : 0.500635
27423 27431 - 27410 27418 : 0.503836
27591 27598 - 27609 27616 : 0.599107
27614 27622 - 27618 27626 : 0.553042
27672 27680 - 27651 27659 : 0.556746
27726 27735 - 27728 27737 : 0.578968
27776 27783 - 27792 27799 : 0.578274
27841 27849 - 27809 27817 : 0.556746
27925 27935 - 27882 27892 : 0.506241
28064 28073 - 28044 28053 : 0.503016
28070 28078 - 28062 28070 : 0.577910
28102 28110 - 28115 28123 : 0.550132
28111 28122 - 28100 28111 : 0.542033
28195 28211 - 28160 28176 : 0.532220
28239 28252 - 28257 28270 : 0.530925
28303 28313 - 28298 28308 : 0.572799
28375 28383 - 28348 28356 : 0.577910
28454 28466 - 28478 28490 : 0.531416
28470 28480 - 28506 28516 : 0.505519
28528 28537 - 28506 28515 : 0.521349
28550 28566 - 28524 28540 : 0.501784
28610 28621 - 28643 28654 : 0.553211
28704 28714 - 28712 28722 : 0.506782
28778 28787 - 28733 28742 : 0.553016
288 302 - 324 338 : 0.559658
28803 28811 - 28840 28848 : 0.577910
28921 28934 - 28911 28924 : 0.590848
28925 28935 - 28915 28925 : 0.574423
29244 29251 - 29288 29295 : 0.522024
29343 29353 - 29318 29328 : 0.520274
29415 29428 - 29418 29431 : 0.525568
2955 2962 - 2999 3006 : 0.522024
29669 29679 - 29662 29672 : 0.535029
29780 29790 - 29828 29838 : 0.512302
29843 29852 - 29801 29810 : 0.590516
29902 29911 - 29884 29893 : 0.569683
29976 29984 - 29945 29953 : 0.593783
30033 30040 - 30080 30087 : 0.547024
30169 30177 - 30174 30182 : 0.577910
30278 30289 - 30273 30284 : 0.541074
30342 30355 - 30386 30399 : 0.553544
30399 30408 - 30424 30433 : 0.600635
30539 30546 - 30534 30541 : 0.557440
3054 3064 - 3029 3039 : 0.520274
30605 30614 - 30641 30650 : 0.517302
30629 30641 - 30659 30671 : 0.527570
30657 30666 - 30686 30695 : 0.507183
30753 30764 - 30802 30813 : 0.575797
30803 30811 - 30754 30762 : 0.540873
30999 31009 - 30983 30993 : 0.520274
31106 31116 - 31126 31136 : 0.565729
31120 31134 - 31089 31103 : 0.592356
31190 31201 - 31152 31163 : 0.553211
3126 3139 - 3129 3142 : 0.525568
31270 31280 - 31276 31286 : 0.527453
31412 31421 - 31376 31385 : 0.567302
31515 31524 - 31473 31482 : 0.528968
31585 31594 - 31571 31580 : 0.662302
31641 31650 - 31682 31691 : 0.745635
31677 31684 - 31643 31650 : 0.515774
31737 31746 - 31765 31774 : 0.528016
31766 31779 - 31785 31798 : 0.577753
31867 31875 - 31903 31911 : 0.543783
31899 31910 - 31860 31871 : 0.503938
31917 31927 - 31924 31934 : 0.521068
32019 32027 - 32005 32013 : 0.540873
32156 32166 - 32153 32163 : 0.625938
32340 32349 - 32328 32337 : 0.520516
32351 32360 - 32338 32347 : 0.550635
32384 32396 - 32380 32392 : 0.531416
32458 32466 - 32479 32487 : 0.510450
32517 32525 - 32536 32544 : 0.588228
32547 32556 - 32517 32526 : 0.553016
32551 32559 - 32565 32573 : 0.540873
32586 32597 - 32615 32626 : 0.513297
32593 32602 - 32549 32558 : 0.533968
32757 32770 - 32760 32773 : 0.513779
32853 32861 - 32830 32838 : 0.519709
32913 32926 - 32956 32969 : 0.500514
33044 33052 - 33049 33057 : 0.556746
33061 33070 - 33071 33080 : 0.628968
33150 33162 - 33116 33128 : 0.513284
33195 33203 - 33162 33170 : 0.662302
33251 33261 - 33274 33284 : 0.512698
33272 33284 - 33316 33328 : 0.535262
33308 33319 - 33352 33363 : 0.582741
33335 33345 - 33311 33321 : 0.506241
33440 33453 - 33431 33444 : 0.509045
33522 33530 - 33532 33540 : 0.577910
33551 33560 - 33509 33518 : 0.503016
33589 33599 - 33619 33629 : 0.565729
33640 33647 - 33599 33606 : 0.522024
33666 33676 - 33662 33672 : 0.566847
33716 33724 - 33740 33748 : 0.577910
33736 33747 - 33769 33780 : 0.600433
33857 33865 - 33850 33858 : 0.577910
33892 33900 - 33891 33899 : 0.556746
34050 34059 - 34029 34038 : 0.550635
34070 34078 - 34046 34054 : 0.540873
34115 34123 - 34103 34111 : 0.540873
34178 34186 - 34131 34139 : 0.593783
34280 34289 - 34269 34278 : 0.532063
34391 34405 - 34345 34359 : 0.569785
34409 34419 - 34407 34417 : 0.604726
34658 34668 - 34646 34656 : 0.500830
34802 34809 - 34808 34815 : 0.522024
34860 34870 - 34870 34880 : 0.545527
34879 34891 - 34848 34860 : 0.519877
3491 3501 - 3539 3549 : 0.512302
35085 35094 - 35036 35045 : 0.587302
35260 35270 - 35267 35277 : 0.565332
35288 35298 - 35253 35263 : 0.573304
35313 35321 - 35301 35309 : 0.514153
35340 35354 - 35376 35390 : 0.559658
35437 35446 - 35393 35402 : 0.538968
35474 35483 - 35427 35436 : 0.517302
3554 3563 - 3512 3521 : 0.590516
35543 35551 - 35542 35550 : 0.577910
35603 35612 - 35580 35589 : 0.512183
35652 35661 - 35679 35688 : 0.553968
35675 35683 - 35648 35656 : 0.543783
35735 35748 - 35756 35769 : 0.526835
35766 35776 - 35806 35816 : 0.565332
35905 35913 - 35923 35931 : 0.556746
35940 35952 - 35916 35928 : 0.509127
35983 35991 - 36008 36016 : 0.538228
36099 36110 - 36114 36125 : 0.505889
3613 3622 - 3595 3604 : 0.569683
36132 36142 - 36094 36104 : 0.520274
36160 36169 - 36164 36173 : 0.500635
36186 36194 - 36173 36181 : 0.503836
36354 36361 - 36372 36379 : 0.599107
36377 36385 - 36381 36389 : 0.553042
36435 36443 - 36414 36422 : 0.556746
36489 36498 - 36491 36500 : 0.578968
36539 36546 - 36555 36562 : 0.578274
36604 36612 - 36572 36580 : 0.556746
36688 36698 - 36645 36655 : 0.506241
36827 36836 - 36807 36816 : 0.503016
36833 36841 - 36825 36833 : 0.577910
36865 36873 - 36878 36886 : 0.550132
36874 36885 - 36863 36874 : 0.542033
36958 36974 - 36923 36939 : 0.532220
37002 37015 - 37020 37033 : 0.530925
37066 37076 - 37061 37071 : 0.572799
37138 37146 - 37111 37119 : 0.577910
37217 37229 - 37241 37253 : 0.531416
37233 37243 - 37269 37279 : 0.505519
37291 37300 - 37269 37278 : 0.521349
37313 37329 - 37287 37303 : 0.501784
37373 37384 - 37406 37417 : 0.553211
3744 3751 - 3791 3798 : 0.547024
37467 37477 - 37475 37485 : 0.506782
37541 37550 - 37496 37505 : 0.553016
37566 37574 - 37603 37611 : 0.577910
37684 37697 - 37674 37687 : 0.590848
37688 37698 - 37678 37688 : 0.574423
38007 38014 - 38051 38058 : 0.522024
38106 38116 - 38081 38091 : 0.520274
38178 38191 - 38181 38194 : 0.525568
38432 38442 - 38425 38435 : 0.535029
38543 38553 - 38591 38601 : 0.512302
38606 38615 - 38564 38573 : 0.590516
38665 38674 - 38647 38656 : 0.569683
38739 38747 - 38708 38716 : 0.593783
38796 38803 - 38843 38850 : 0.547024
3880 3888 - 3885 3893 : 0.577910
38932 38940 - 38937 38945 : 0.577910
39041 39052 - 39036 39047 : 0.541074
39105 39118 - 39149 39162 : 0.553544
39162 39171 - 39187 39196 : 0.600635
39302 39309 - 39297 39304 : 0.557440
39368 39377 - 39404 39413 : 0.517302
39392 39404 - 39422 39434 : 0.527570
39420 39429 - 39449 39458 : 0.507183
39516 39527 - 39565 39576 : 0.575797
39566 39574 - 39517 39525 : 0.540873
39762 39772 - 39746 39756 : 0.520274
39869 39879 - 39889 39899 : 0.565729
39883 39897 - 39852 39866 : 0.592356
3989 4000 - 3984 3995 : 0.541074
39953 39964 - 39915 39926 : 0.553211
39985 39998 - 39951 39964 : 0.530899
4053 4066 - 4097 4110 : 0.553544
4110 4119 - 4135 4144 : 0.600635
422 431 - 375 384 : 0.517302
4250 4257 - 4245 4252 : 0.557440
4316 4325 - 4352 4361 : 0.517302
4340 4352 - 4370 4382 : 0.527570
4368 4377 - 4397 4406 : 0.507183
4464 4475 - 4513 4524 : 0.575797
4514 4522 - 4465 4473 : 0.540873
4710 4720 - 4694 4704 : 0.520274
4817 4827 - 4837 4847 : 0.565729
4831 4845 - 4800 4814 : 0.592356
4901 4912 - 4863 4874 : 0.553211
491 499 - 490 498 : 0.577910
4981 4991 - 4987 4997 : 0.527453
5123 5132 - 5087 5096 : 0.567302
5226 5235 - 5184 5193 : 0.528968
5296 5305 - 5282 5291 : 0.662302
5352 5361 - 5393 5402 : 0.745635
5388 5395 - 5354 5361 : 0.515774
5448 5457 - 5476 5485 : 0.528016
5477 5490 - 5496 5509 : 0.577753
551 560 - 528 537 : 0.512183
5578 5586 - 5614 5622 : 0.543783
5610 5621 - 5571 5582 : 0.503938
5628 5638 - 5635 5645 : 0.521068
5730 5738 - 5716 5724 : 0.540873
5867 5877 - 5864 5874 : 0.625938
600 609 - 627 636 : 0.553968
6051 6060 - 6039 6048 : 0.520516
6062 6071 - 6049 6058 : 0.550635
6095 6107 - 6091 6103 : 0.531416
6169 6177 - 6190 6198 : 0.510450
6228 6236 - 6247 6255 : 0.588228
623 631 - 596 604 : 0.543783
6258 6267 - 6228 6237 : 0.553016
6262 6270 - 6276 6284 : 0.540873
6297 6308 - 6326 6337 : 0.513297
6304 6313 - 6260 6269 : 0.533968
6468 6481 - 6471 6484 : 0.513779
6564 6572 - 6541 6549 : 0.519709
6624 6637 - 6667 6680 : 0.500514
6755 6763 - 6760 6768 : 0.556746
6772 6781 - 6782 6791 : 0.628968
683 696 - 704 717 : 0.526835
6861 6873 - 6827 6839 : 0.513284
6906 6914 - 6873 6881 : 0.662302
6962 6972 - 6985 6995 : 0.512698
6983 6995 - 7027 7039 : 0.535262
7019 7030 - 7063 7074 : 0.582741
7046 7056 - 7022 7032 : 0.506241
714 724 - 754 764 : 0.565332
7151 7164 - 7142 7155 : 0.509045
7233 7241 - 7243 7251 : 0.577910
7262 7271 - 7220 7229 : 0.503016
7300 7310 - 7330 7340 : 0.565729
7351 7358 - 7310 7317 : 0.522024
7377 7387 - 7373 7383 : 0.566847
7427 7435 - 7451 7459 : 0.577910
7447 7458 - 7480 7491 : 0.600433
7568 7576 - 7561 7569 : 0.577910
7603 7611 - 7602 7610 : 0.556746
7761 7770 - 7740 7749 : 0.550635
7781 7789 - 7757 7765 : 0.540873
7826 7834 - 7814 7822 : 0.540873
7889 7897 - 7842 7850 : 0.593783
7991 8000 - 7980 7989 : 0.532063
8102 8116 - 8056 8070 : 0.569785
8120 8130 - 8118 8128 : 0.604726
8369 8379 - 8357 8367 : 0.500830
8513 8520 - 8519 8526 : 0.522024
8571 8581 - 8581 8591 : 0.545527
8590 8602 - 8559 8571 : 0.519877
8628 8635 - 8604 8611 : 0.557440
8796 8805 - 8747 8756 : 0.587302
888 900 - 864 876 : 0.509127
8971 8981 - 8978 8988 : 0.565332
8999 9009 - 8964 8974 : 0.573304
9024 9032 - 9012 9020 : 0.514153
9051 9065 - 9087 9101 : 0.559658
9148 9157 - 9104 9113 : 0.538968
9185 9194 - 9138 9147 : 0.517302
9254 9262 - 9253 9261 : 0.577910
931 939 - 956 964 : 0.538228
9314 9323 - 9291 9300 : 0.512183
9363 9372 - 9390 9399 : 0.553968
9386 9394 - 9359 9367 : 0.543783
9446 9459 - 9467 9480 : 0.526835
9477 9487 - 9517 9527 : 0.565332
9616 9624 - 9634 9642 : 0.556746
9651 9663 - 9627 9639 : 0.509127
9694 9702 - 9719 9727 : 0.538228
9810 9821 - 9825 9836 : 0.505889
9843 9853 - 9805 9815 : 0.520274
9871 9880 - 9875 9884 : 0.500635
9897 9905 - 9884 9892 : 0.503836
