10059 10068 - 10031 10040 : 0.603968
10097 10104 - 10136 10143 : 0.619940
10200 10209 - 10202 10211 : 0.517302
10399 10409 - 10356 10366 : 0.506241
10581 10593 - 10570 10582 : 0.522625
10714 10726 - 10732 10744 : 0.506477
10728 10738 - 10695 10705 : 0.512302
10769 10778 - 10797 10806 : 0.628016
10849 10857 - 10822 10830 : 0.577910
1086 1094 - 1134 1142 : 0.662302
10928 10940 - 10952 10964 : 0.531416
10994 11003 - 11037 11046 : 0.512183
11024 11039 - 10998 11013 : 0.515300
11086 11094 - 11125 11133 : 0.530556
11146 11154 - 11159 11167 : 0.506746
11178 11188 - 11186 11196 : 0.506782
11252 11261 - 11207 11216 : 0.553016
11274 11283 - 11263 11272 : 0.550635
1134 1142 - 1121 1129 : 0.503836
11395 11408 - 11385 11398 : 0.596800
11496 11505 - 11517 11526 : 0.536349
11525 11534 - 11490 11499 : 0.528968
11542 11550 - 11500 11508 : 0.577910
11578 11587 - 11614 11623 : 0.545635
11718 11725 - 11762 11769 : 0.759524
11856 11864 - 11845 11853 : 0.630820
11889 11902 - 11892 11905 : 0.525568
11918 11928 - 11912 11922 : 0.512698
1199 1207 - 1213 1221 : 0.540873
12192 12201 - 12193 12202 : 0.527063
12376 12385 - 12358 12367 : 0.569683
12449 12458 - 12418 12427 : 0.561349
12507 12514 - 12554 12561 : 0.547024
12585 12601 - 12574 12590 : 0.525243
12713 12721 - 12695 12703 : 0.503836
12794 12803 - 12788 12797 : 0.595635
12816 12829 - 12860 12873 : 0.617830
1296 1305 - 1268 1277 : 0.603968
12993 13001 - 13026 13034 : 0.577910
13131 13139 - 13113 13121 : 0.699339
13260 13270 - 13277 13287 : 0.527345
1334 1341 - 1373 1380 : 0.619940
13375 13385 - 13359 13369 : 0.575830
13461 13469 - 13471 13479 : 0.506746
13479 13488 - 13433 13442 : 0.519683
13623 13631 - 13619 13627 : 0.593783
13759 13768 - 13735 13744 : 0.528968
13912 13919 - 13897 13904 : 0.563690
14151 14158 - 14117 14124 : 0.515774
14211 14220 - 14239 14248 : 0.528016
14311 14318 - 14285 14292 : 0.759524
1437 1446 - 1439 1448 : 0.517302
14373 14384 - 14334 14345 : 0.503938
14493 14500 - 14469 14476 : 0.599107
14514 14521 - 14525 14532 : 0.588690
14630 14640 - 14627 14637 : 0.595635
14647 14655 - 14599 14607 : 0.540873
14703 14711 - 14657 14665 : 0.577910
14825 14834 - 14812 14821 : 0.550635
14854 14865 - 14862 14873 : 0.540711
14965 14972 - 14953 14960 : 0.522024
14979 14990 - 14998 15009 : 0.587933
15172 15181 - 15161 15170 : 0.628968
15231 15244 - 15234 15247 : 0.513779
15316 15327 - 15353 15364 : 0.548614
15387 15400 - 15430 15443 : 0.500514
15446 15455 - 15477 15486 : 0.595635
15461 15470 - 15491 15500 : 0.520516
15518 15526 - 15523 15531 : 0.556746
15535 15544 - 15545 15554 : 0.628968
15624 15636 - 15590 15602 : 0.513284
15703 15712 - 15700 15709 : 0.600635
15725 15735 - 15748 15758 : 0.512698
15746 15758 - 15790 15802 : 0.535262
15797 15804 - 15820 15827 : 0.522024
15914 15927 - 15905 15918 : 0.509045
15996 16005 - 16006 16015 : 0.527063
16063 16073 - 16093 16103 : 0.565729
16128 16137 - 16131 16140 : 0.523849
16190 16198 - 16214 16222 : 0.577910
163 172 - 190 199 : 0.545635
1636 1646 - 1593 1603 : 0.506241
16576 16583 - 16555 16562 : 0.505357
16589 16597 - 16577 16585 : 0.540873
16652 16660 - 16605 16613 : 0.593783
16865 16879 - 16819 16833 : 0.569785
16883 16893 - 16881 16891 : 0.574423
16892 16901 - 16909 16918 : 0.595635
17021 17028 - 16973 16980 : 0.522024
17094 17103 - 17061 17070 : 0.527063
17109 17119 - 17076 17086 : 0.547547
17132 17142 - 17120 17130 : 0.500830
17154 17163 - 17152 17161 : 0.542302
17267 17274 - 17253 17260 : 0.522024
17276 17283 - 17282 17289 : 0.522024
17334 17344 - 17344 17354 : 0.545527
17353 17365 - 17322 17334 : 0.519877
17411 17418 - 17412 17419 : 0.557440
17689 17698 - 17716 17725 : 0.545635
17734 17744 - 17741 17751 : 0.565332
17749 17757 - 17784 17792 : 0.519709
17866 17875 - 17834 17843 : 0.553968
17881 17890 - 17868 17877 : 0.527063
18126 18135 - 18153 18162 : 0.553968
1818 1830 - 1807 1819 : 0.522625
18209 18222 - 18230 18243 : 0.526835
18240 18250 - 18280 18290 : 0.565332
18296 18312 - 18337 18353 : 0.511051
18414 18424 - 18365 18375 : 0.537085
18414 18426 - 18390 18402 : 0.509127
18438 18448 - 18477 18487 : 0.512698
18441 18450 - 18439 18448 : 0.552063
18519 18528 - 18480 18489 : 0.577063
18573 18584 - 18588 18599 : 0.533667
18612 18620 - 18660 18668 : 0.662302
18660 18668 - 18647 18655 : 0.503836
18725 18733 - 18739 18747 : 0.540873
18822 18831 - 18794 18803 : 0.603968
18860 18867 - 18899 18906 : 0.619940
18963 18972 - 18965 18974 : 0.517302
19162 19172 - 19119 19129 : 0.506241
19344 19356 - 19333 19345 : 0.522625
19477 19489 - 19495 19507 : 0.506477
19491 19501 - 19458 19468 : 0.512302
1951 1963 - 1969 1981 : 0.506477
19532 19541 - 19560 19569 : 0.628016
19612 19620 - 19585 19593 : 0.577910
1965 1975 - 1932 1942 : 0.512302
19691 19703 - 19715 19727 : 0.531416
19757 19766 - 19800 19809 : 0.512183
19787 19802 - 19761 19776 : 0.515300
19849 19857 - 19888 19896 : 0.530556
19909 19917 - 19922 19930 : 0.506746
19941 19951 - 19949 19959 : 0.506782
20015 20024 - 19970 19979 : 0.553016
20037 20046 - 20026 20035 : 0.550635
2006 2015 - 2034 2043 : 0.628016
20113 20121 - 20113 20121 : 0.547487
20158 20171 - 20148 20161 : 0.596800
20259 20268 - 20280 20289 : 0.536349
20288 20297 - 20253 20262 : 0.528968
20305 20313 - 20263 20271 : 0.577910
20341 20350 - 20377 20386 : 0.545635
20481 20488 - 20525 20532 : 0.759524
20619 20627 - 20608 20616 : 0.630820
20652 20665 - 20655 20668 : 0.525568
20681 20691 - 20675 20685 : 0.512698
208 218 - 215 225 : 0.565332
2086 2094 - 2059 2067 : 0.577910
20955 20964 - 20956 20965 : 0.527063
21139 21148 - 21121 21130 : 0.569683
21212 21221 - 21181 21190 : 0.561349
21270 21277 - 21317 21324 : 0.547024
21348 21364 - 21337 21353 : 0.525243
21476 21484 - 21458 21466 : 0.503836
21557 21566 - 21551 21560 : 0.595635
21579 21592 - 21623 21636 : 0.617830
2165 2177 - 2189 2201 : 0.531416
21756 21764 - 21789 21797 : 0.577910
21894 21902 - 21876 21884 : 0.699339
22023 22033 - 22040 22050 : 0.527345
22138 22148 - 22122 22132 : 0.575830
22224 22232 - 22234 22242 : 0.506746
22242 22251 - 22196 22205 : 0.519683
223 231 - 258 266 : 0.519709
2231 2240 - 2274 2283 : 0.512183
22386 22394 - 22382 22390 : 0.593783
22522 22531 - 22498 22507 : 0.528968
2261 2276 - 2235 2250 : 0.515300
22675 22682 - 22660 22667 : 0.563690
22914 22921 - 22880 22887 : 0.515774
22974 22983 - 23002 23011 : 0.528016
23074 23081 - 23048 23055 : 0.759524
23136 23147 - 23097 23108 : 0.503938
2323 2331 - 2362 2370 : 0.530556
23256 23263 - 23232 23239 : 0.599107
23277 23284 - 23288 23295 : 0.588690
23393 23403 - 23390 23400 : 0.595635
23410 23418 - 23362 23370 : 0.540873
23466 23474 - 23420 23428 : 0.577910
23588 23597 - 23575 23584 : 0.550635
23617 23628 - 23625 23636 : 0.540711
23728 23735 - 23716 23723 : 0.522024
23742 23753 - 23761 23772 : 0.587933
2383 2391 - 2396 2404 : 0.506746
23935 23944 - 23924 23933 : 0.628968
23994 24007 - 23997 24010 : 0.513779
24079 24090 - 24116 24127 : 0.548614
2415 2425 - 2423 2433 : 0.506782
24150 24163 - 24193 24206 : 0.500514
24209 24218 - 24240 24249 : 0.595635
24224 24233 - 24254 24263 : 0.520516
24281 24289 - 24286 24294 : 0.556746
24298 24307 - 24308 24317 : 0.628968
24387 24399 - 24353 24365 : 0.513284
24466 24475 - 24463 24472 : 0.600635
24488 24498 - 24511 24521 : 0.512698
24509 24521 - 24553 24565 : 0.535262
24560 24567 - 24583 24590 : 0.522024
24677 24690 - 24668 24681 : 0.509045
24759 24768 - 24769 24778 : 0.527063
24826 24836 - 24856 24866 : 0.565729
2489 2498 - 2444 2453 : 0.553016
24891 24900 - 24894 24903 : 0.523849
24953 24961 - 24977 24985 : 0.577910
2511 2520 - 2500 2509 : 0.550635
25339 25346 - 25318 25325 : 0.505357
25339 25346 - 25318 25325 : 0.505357
25352 25360 - 25340 25348 : 0.540873
25352 25360 - 25340 25348 : 0.540873
25415 25423 - 25368 25376 : 0.593783
25415 25423 - 25368 25376 : 0.593783
25628 25642 - 25582 25596 : 0.569785
25646 25656 - 25644 25654 : 0.574423
25655 25664 - 25672 25681 : 0.595635
25784 25791 - 25736 25743 : 0.522024
25857 25866 - 25824 25833 : 0.527063
25872 25882 - 25839 25849 : 0.547547
25895 25905 - 25883 25893 : 0.500830
25917 25926 - 25915 25924 : 0.542302
26030 26037 - 26016 26023 : 0.522024
26039 26046 - 26045 26052 : 0.522024
26097 26107 - 26107 26117 : 0.545527
26116 26128 - 26085 26097 : 0.519877
26174 26181 - 26175 26182 : 0.557440
2632 2645 - 2622 2635 : 0.596800
26452 26461 - 26479 26488 : 0.545635
26497 26507 - 26504 26514 : 0.565332
26512 26520 - 26547 26555 : 0.519709
26629 26638 - 26597 26606 : 0.553968
26644 26653 - 26631 26640 : 0.527063
26889 26898 - 26916 26925 : 0.553968
26972 26985 - 26993 27006 : 0.526835
27003 27013 - 27043 27053 : 0.565332
27059 27075 - 27100 27116 : 0.511051
27177 27187 - 27128 27138 : 0.537085
27177 27189 - 27153 27165 : 0.509127
27201 27211 - 27240 27250 : 0.512698
27204 27213 - 27202 27211 : 0.552063
27282 27291 - 27243 27252 : 0.577063
2733 2742 - 2754 2763 : 0.536349
27336 27347 - 27351 27362 : 0.533667
27375 27383 - 27423 27431 : 0.662302
27423 27431 - 27410 27418 : 0.503836
27488 27496 - 27502 27510 : 0.540873
27585 27594 - 27557 27566 : 0.603968
2762 2771 - 2727 2736 : 0.528968
27623 27630 - 27662 27669 : 0.619940
27726 27735 - 27728 27737 : 0.517302
2779 2787 - 2737 2745 : 0.577910
27925 27935 - 27882 27892 : 0.506241
28107 28119 - 28096 28108 : 0.522625
2815 2824 - 2851 2860 : 0.545635
28240 28252 - 28258 28270 : 0.506477
28254 28264 - 28221 28231 : 0.512302
28295 28304 - 28323 28332 : 0.628016
28375 28383 - 28348 28356 : 0.577910
28454 28466 - 28478 28490 : 0.531416
28520 28529 - 28563 28572 : 0.512183
28550 28565 - 28524 28539 : 0.515300
28612 28620 - 28651 28659 : 0.530556
28672 28680 - 28685 28693 : 0.506746
28704 28714 - 28712 28722 : 0.506782
28778 28787 - 28733 28742 : 0.553016
28800 28809 - 28789 28798 : 0.550635
28876 28884 - 28876 28884 : 0.547487
28921 28934 - 28911 28924 : 0.596800
29022 29031 - 29043 29052 : 0.536349
29051 29060 - 29016 29025 : 0.528968
29068 29076 - 29026 29034 : 0.577910
29104 29113 - 29140 29149 : 0.545635
29244 29251 - 29288 29295 : 0.759524
29382 29390 - 29371 29379 : 0.630820
29415 29428 - 29418 29431 : 0.525568
29444 29454 - 29438 29448 : 0.512698
2955 2962 - 2999 3006 : 0.759524
29718 29727 - 29719 29728 : 0.527063
29902 29911 - 29884 29893 : 0.569683
29975 29984 - 29944 29953 : 0.561349
30033 30040 - 30080 30087 : 0.547024
30111 30127 - 30100 30116 : 0.525243
30278 30289 - 30273 30284 : 0.541074
30320 30329 - 30314 30323 : 0.595635
30342 30355 - 30386 30399 : 0.617830
30566 30575 - 30571 30580 : 0.536349
30657 30665 - 30639 30647 : 0.699339
30786 30796 - 30803 30813 : 0.527345
30824 30836 - 30793 30805 : 0.505775
30923 30936 - 30877 30890 : 0.653178
3093 3101 - 3082 3090 : 0.630820
31005 31014 - 30959 30968 : 0.519683
31031 31039 - 30996 31004 : 0.513095
31149 31157 - 31145 31153 : 0.593783
31222 31234 - 31188 31200 : 0.510537
31237 31251 - 31260 31274 : 0.520347
3126 3139 - 3129 3142 : 0.525568
31265 31274 - 31231 31240 : 0.507183
31438 31445 - 31423 31430 : 0.563690
31523 31532 - 31543 31552 : 0.533968
31549 31559 - 31560 31570 : 0.530375
3155 3165 - 3149 3159 : 0.512698
31677 31684 - 31643 31650 : 0.515774
31716 31724 - 31706 31714 : 0.577910
31737 31746 - 31765 31774 : 0.528016
31837 31844 - 31811 31818 : 0.759524
31899 31910 - 31860 31871 : 0.503938
32019 32026 - 31995 32002 : 0.599107
32040 32047 - 32051 32058 : 0.588690
32156 32166 - 32153 32163 : 0.595635
32173 32181 - 32125 32133 : 0.540873
32229 32237 - 32183 32191 : 0.577910
32249 32258 - 32285 32294 : 0.528849
32260 32272 - 32226 32238 : 0.573723
32287 32296 - 32271 32280 : 0.503016
32351 32360 - 32338 32347 : 0.550635
32380 32391 - 32388 32399 : 0.540711
32491 32498 - 32479 32486 : 0.522024
32505 32516 - 32524 32535 : 0.587933
32686 32698 - 32651 32663 : 0.533980
32757 32770 - 32760 32773 : 0.513779
32842 32853 - 32879 32890 : 0.548614
32913 32926 - 32956 32969 : 0.500514
32972 32981 - 33003 33012 : 0.595635
32987 32996 - 33017 33026 : 0.520516
33044 33052 - 33049 33057 : 0.556746
33061 33070 - 33071 33080 : 0.628968
33150 33162 - 33116 33128 : 0.513284
33229 33238 - 33226 33235 : 0.600635
33251 33261 - 33274 33284 : 0.512698
33272 33284 - 33316 33328 : 0.535262
33323 33330 - 33346 33353 : 0.522024
33440 33453 - 33431 33444 : 0.509045
33522 33531 - 33532 33541 : 0.527063
33589 33599 - 33619 33629 : 0.565729
33654 33663 - 33657 33666 : 0.523849
33716 33724 - 33740 33748 : 0.577910
33728 33739 - 33682 33693 : 0.503938
340 349 - 308 317 : 0.553968
34102 34109 - 34081 34088 : 0.505357
34115 34123 - 34103 34111 : 0.540873
34178 34186 - 34131 34139 : 0.593783
34260 34268 - 34246 34254 : 0.538228
34391 34405 - 34345 34359 : 0.569785
34409 34419 - 34407 34417 : 0.574423
34418 34427 - 34435 34444 : 0.595635
34547 34554 - 34499 34506 : 0.522024
34620 34629 - 34587 34596 : 0.527063
34635 34645 - 34602 34612 : 0.547547
34658 34668 - 34646 34656 : 0.500830
34680 34689 - 34678 34687 : 0.542302
34792 34800 - 34766 34774 : 0.577910
34803 34812 - 34827 34836 : 0.528968
34860 34870 - 34870 34880 : 0.545527
34879 34891 - 34848 34860 : 0.519877
34937 34944 - 34938 34945 : 0.557440
35201 35210 - 35157 35166 : 0.550635
35215 35228 - 35172 35185 : 0.501392
35260 35270 - 35267 35277 : 0.565332
35275 35283 - 35310 35318 : 0.519709
35392 35401 - 35360 35369 : 0.553968
35407 35416 - 35394 35403 : 0.527063
355 364 - 342 351 : 0.527063
35652 35661 - 35679 35688 : 0.553968
35735 35748 - 35756 35769 : 0.526835
35766 35776 - 35806 35816 : 0.565332
35822 35838 - 35863 35879 : 0.511051
35940 35950 - 35891 35901 : 0.537085
35940 35952 - 35916 35928 : 0.509127
35964 35974 - 36003 36013 : 0.512698
35967 35976 - 35965 35974 : 0.552063
36045 36054 - 36006 36015 : 0.577063
36099 36110 - 36114 36125 : 0.533667
3613 3622 - 3595 3604 : 0.569683
36186 36194 - 36173 36181 : 0.503836
36236 36245 - 36188 36197 : 0.603968
36326 36334 - 36285 36293 : 0.699339
36348 36357 - 36320 36329 : 0.603968
36386 36393 - 36425 36432 : 0.619940
36489 36498 - 36491 36500 : 0.517302
36688 36698 - 36645 36655 : 0.506241
36870 36882 - 36859 36871 : 0.522625
37003 37015 - 37021 37033 : 0.506477
37017 37027 - 36984 36994 : 0.512302
37058 37067 - 37086 37095 : 0.628016
37138 37146 - 37111 37119 : 0.577910
37217 37229 - 37241 37253 : 0.531416
37262 37270 - 37254 37262 : 0.522354
37283 37292 - 37326 37335 : 0.512183
37313 37328 - 37287 37302 : 0.515300
37334 37343 - 37381 37390 : 0.508016
37435 37443 - 37448 37456 : 0.506746
3744 3751 - 3791 3798 : 0.547024
37467 37477 - 37475 37485 : 0.506782
37541 37550 - 37496 37505 : 0.553016
37563 37572 - 37552 37561 : 0.550635
37639 37647 - 37639 37647 : 0.547487
37684 37697 - 37674 37687 : 0.596800
37785 37794 - 37806 37815 : 0.536349
37814 37823 - 37779 37788 : 0.528968
37831 37839 - 37789 37797 : 0.577910
37867 37876 - 37903 37912 : 0.545635
38007 38014 - 38051 38058 : 0.759524
38106 38116 - 38081 38091 : 0.520274
38178 38191 - 38181 38194 : 0.525568
38207 38217 - 38201 38211 : 0.512698
38481 38490 - 38482 38491 : 0.527063
38535 38546 - 38524 38535 : 0.553211
38665 38674 - 38647 38656 : 0.569683
38738 38747 - 38707 38716 : 0.561349
38796 38803 - 38843 38850 : 0.547024
38874 38890 - 38863 38879 : 0.525243
39041 39052 - 39036 39047 : 0.541074
39083 39092 - 39077 39086 : 0.595635
39105 39118 - 39149 39162 : 0.617830
39329 39338 - 39334 39343 : 0.536349
39420 39428 - 39402 39410 : 0.699339
3950 3958 - 3932 3940 : 0.503836
39549 39559 - 39566 39576 : 0.527345
39587 39599 - 39556 39568 : 0.505775
39686 39699 - 39640 39653 : 0.653178
39768 39777 - 39722 39731 : 0.519683
39794 39802 - 39759 39767 : 0.513095
39912 39920 - 39908 39916 : 0.593783
39985 39997 - 39951 39963 : 0.510537
40000 40014 - 40023 40037 : 0.520347
40028 40037 - 39994 40003 : 0.507183
40201 40208 - 40186 40193 : 0.563690
40286 40295 - 40306 40315 : 0.533968
4031 4040 - 4025 4034 : 0.595635
40312 40322 - 40323 40333 : 0.530375
40440 40447 - 40406 40413 : 0.515774
40479 40487 - 40469 40477 : 0.577910
40500 40509 - 40528 40537 : 0.528016
4053 4066 - 4097 4110 : 0.617830
40600 40607 - 40574 40581 : 0.759524
40662 40673 - 40623 40634 : 0.503938
40782 40789 - 40758 40765 : 0.599107
40803 40810 - 40814 40821 : 0.588690
40919 40929 - 40916 40926 : 0.595635
40936 40944 - 40888 40896 : 0.540873
40992 41000 - 40946 40954 : 0.577910
41012 41021 - 41048 41057 : 0.528849
41023 41035 - 40989 41001 : 0.573723
41050 41059 - 41034 41043 : 0.503016
41114 41123 - 41101 41110 : 0.550635
41143 41154 - 41151 41162 : 0.540711
41254 41261 - 41242 41249 : 0.522024
41268 41279 - 41287 41298 : 0.587933
41449 41461 - 41414 41426 : 0.533980
41520 41533 - 41523 41536 : 0.513779
41605 41616 - 41642 41653 : 0.548614
41676 41689 - 41719 41732 : 0.500514
41735 41744 - 41766 41775 : 0.595635
41750 41759 - 41780 41789 : 0.520516
41807 41815 - 41812 41820 : 0.556746
41824 41833 - 41834 41843 : 0.628968
41913 41925 - 41879 41891 : 0.513284
41992 42001 - 41989 41998 : 0.600635
42014 42024 - 42037 42047 : 0.512698
42035 42047 - 42079 42091 : 0.535262
42086 42093 - 42109 42116 : 0.522024
42203 42216 - 42194 42207 : 0.509045
42285 42294 - 42295 42304 : 0.527063
4230 4238 - 4263 4271 : 0.577910
42352 42362 - 42382 42392 : 0.565729
42417 42426 - 42420 42429 : 0.523849
42479 42487 - 42503 42511 : 0.577910
42491 42502 - 42445 42456 : 0.503938
42865 42872 - 42844 42851 : 0.505357
42878 42886 - 42866 42874 : 0.540873
42941 42949 - 42894 42902 : 0.593783
43023 43031 - 43009 43017 : 0.538228
43154 43168 - 43108 43122 : 0.569785
43172 43182 - 43170 43180 : 0.574423
43181 43190 - 43198 43207 : 0.595635
43310 43317 - 43262 43269 : 0.522024
43383 43392 - 43350 43359 : 0.527063
43398 43408 - 43365 43375 : 0.547547
43421 43431 - 43409 43419 : 0.500830
43443 43452 - 43441 43450 : 0.542302
43555 43563 - 43529 43537 : 0.577910
43566 43575 - 43590 43599 : 0.528968
43623 43633 - 43633 43643 : 0.545527
43642 43654 - 43611 43623 : 0.519877
4368 4376 - 4350 4358 : 0.699339
43700 43707 - 43701 43708 : 0.557440
43964 43973 - 43920 43929 : 0.550635
43978 43991 - 43935 43948 : 0.501392
44023 44033 - 44030 44040 : 0.565332
44038 44046 - 44073 44081 : 0.519709
44155 44164 - 44123 44132 : 0.553968
44170 44179 - 44157 44166 : 0.527063
44415 44424 - 44442 44451 : 0.553968
44498 44511 - 44519 44532 : 0.526835
44529 44539 - 44569 44579 : 0.565332
44585 44601 - 44626 44642 : 0.511051
44703 44713 - 44654 44664 : 0.537085
44703 44715 - 44679 44691 : 0.509127
44727 44737 - 44766 44776 : 0.512698
44730 44739 - 44728 44737 : 0.552063
44808 44817 - 44769 44778 : 0.577063
44862 44873 - 44877 44888 : 0.533667
44949 44957 - 44936 44944 : 0.503836
44999 45008 - 44951 44960 : 0.603968
45089 45097 - 45048 45056 : 0.699339
45111 45120 - 45083 45092 : 0.603968
45149 45156 - 45188 45195 : 0.619940
45252 45261 - 45254 45263 : 0.517302
45451 45461 - 45408 45418 : 0.506241
45633 45645 - 45622 45634 : 0.522625
45766 45778 - 45784 45796 : 0.506477
45780 45790 - 45747 45757 : 0.512302
45821 45830 - 45849 45858 : 0.628016
45901 45909 - 45874 45882 : 0.577910
45980 45992 - 46004 46016 : 0.531416
46025 46033 - 46017 46025 : 0.522354
46046 46055 - 46089 46098 : 0.512183
46076 46091 - 46050 46065 : 0.515300
46097 46106 - 46144 46153 : 0.508016
4612 4622 - 4596 4606 : 0.575830
46198 46206 - 46211 46219 : 0.506746
46230 46240 - 46238 46248 : 0.506782
46304 46313 - 46259 46268 : 0.553016
46326 46335 - 46315 46324 : 0.550635
46402 46410 - 46402 46410 : 0.547487
46447 46460 - 46437 46450 : 0.596800
46548 46557 - 46569 46578 : 0.536349
46577 46586 - 46542 46551 : 0.528968
46594 46602 - 46552 46560 : 0.577910
46630 46639 - 46666 46675 : 0.545635
46770 46777 - 46814 46821 : 0.759524
46869 46879 - 46844 46854 : 0.520274
46941 46954 - 46944 46957 : 0.525568
46970 46980 - 46964 46974 : 0.512698
4698 4706 - 4708 4716 : 0.506746
4716 4725 - 4670 4679 : 0.519683
47244 47253 - 47245 47254 : 0.527063
47298 47309 - 47287 47298 : 0.553211
47428 47437 - 47410 47419 : 0.569683
47501 47510 - 47470 47479 : 0.561349
47559 47566 - 47606 47613 : 0.547024
47637 47653 - 47626 47642 : 0.525243
47804 47815 - 47799 47810 : 0.541074
47846 47855 - 47840 47849 : 0.595635
47868 47881 - 47912 47925 : 0.617830
48092 48101 - 48097 48106 : 0.536349
48183 48191 - 48165 48173 : 0.699339
48350 48362 - 48319 48331 : 0.505775
48449 48462 - 48403 48416 : 0.653178
48531 48540 - 48485 48494 : 0.519683
48557 48565 - 48522 48530 : 0.513095
4860 4868 - 4856 4864 : 0.593783
48675 48683 - 48671 48679 : 0.593783
48748 48760 - 48714 48726 : 0.510537
48763 48777 - 48786 48800 : 0.520347
48791 48800 - 48757 48766 : 0.507183
48964 48971 - 48949 48956 : 0.563690
49049 49058 - 49069 49078 : 0.533968
49075 49085 - 49086 49096 : 0.530375
49203 49210 - 49169 49176 : 0.515774
49242 49250 - 49232 49240 : 0.577910
49263 49272 - 49291 49300 : 0.528016
49363 49370 - 49337 49344 : 0.759524
49425 49436 - 49386 49397 : 0.503938
49545 49552 - 49521 49528 : 0.599107
49566 49573 - 49577 49584 : 0.588690
49682 49692 - 49679 49689 : 0.595635
49699 49707 - 49651 49659 : 0.540873
49755 49763 - 49709 49717 : 0.577910
49775 49784 - 49811 49820 : 0.528849
49786 49798 - 49752 49764 : 0.573723
49813 49822 - 49797 49806 : 0.503016
4996 5005 - 4972 4981 : 0.528968
5149 5156 - 5134 5141 : 0.563690
5388 5395 - 5354 5361 : 0.515774
5448 5457 - 5476 5485 : 0.528016
5548 5555 - 5522 5529 : 0.759524
5610 5621 - 5571 5582 : 0.503938
5730 5737 - 5706 5713 : 0.599107
5751 5758 - 5762 5769 : 0.588690
5867 5877 - 5864 5874 : 0.595635
5884 5892 - 5836 5844 : 0.540873
5940 5948 - 5894 5902 : 0.577910
600 609 - 627 636 : 0.553968
6062 6071 - 6049 6058 : 0.550635
6091 6102 - 6099 6110 : 0.540711
6202 6209 - 6190 6197 : 0.522024
6216 6227 - 6235 6246 : 0.587933
6409 6418 - 6398 6407 : 0.628968
6468 6481 - 6471 6484 : 0.513779
6553 6564 - 6590 6601 : 0.548614
6624 6637 - 6667 6680 : 0.500514
6683 6692 - 6714 6723 : 0.595635
6698 6707 - 6728 6737 : 0.520516
6755 6763 - 6760 6768 : 0.556746
6772 6781 - 6782 6791 : 0.628968
683 696 - 704 717 : 0.526835
6861 6873 - 6827 6839 : 0.513284
6940 6949 - 6937 6946 : 0.600635
6962 6972 - 6985 6995 : 0.512698
6983 6995 - 7027 7039 : 0.535262
7034 7041 - 7057 7064 : 0.522024
714 724 - 754 764 : 0.565332
7151 7164 - 7142 7155 : 0.509045
7233 7242 - 7243 7252 : 0.527063
7300 7310 - 7330 7340 : 0.565729
7365 7374 - 7368 7377 : 0.523849
7427 7435 - 7451 7459 : 0.577910
770 786 - 811 827 : 0.511051
7813 7820 - 7792 7799 : 0.505357
7826 7834 - 7814 7822 : 0.540873
7889 7897 - 7842 7850 : 0.593783
8102 8116 - 8056 8070 : 0.569785
8120 8130 - 8118 8128 : 0.574423
8129 8138 - 8146 8155 : 0.595635
8258 8265 - 8210 8217 : 0.522024
8331 8340 - 8298 8307 : 0.527063
8346 8356 - 8313 8323 : 0.547547
8369 8379 - 8357 8367 : 0.500830
8391 8400 - 8389 8398 : 0.542302
8504 8511 - 8490 8497 : 0.522024
8513 8520 - 8519 8526 : 0.522024
8571 8581 - 8581 8591 : 0.545527
8590 8602 - 8559 8571 : 0.519877
8648 8655 - 8649 8656 : 0.557440
888 900 - 864 876 : 0.509127
8926 8935 - 8953 8962 : 0.545635
8971 8981 - 8978 8988 : 0.565332
8986 8994 - 9021 9029 : 0.519709
9103 9112 - 9071 9080 : 0.553968
9118 9127 - 9105 9114 : 0.527063
912 922 - 951 961 : 0.512698
915 924 - 913 922 : 0.552063
9363 9372 - 9390 9399 : 0.553968
9446 9459 - 9467 9480 : 0.526835
9477 9487 - 9517 9527 : 0.565332
9533 9549 - 9574 9590 : 0.511051
9651 9661 - 9602 9612 : 0.537085
9651 9663 - 9627 9639 : 0.509127
9675 9685 - 9714 9724 : 0.512698
9678 9687 - 9676 9685 : 0.552063
9756 9765 - 9717 9726 : 0.577063
9810 9821 - 9825 9836 : 0.533667
9849 9857 - 9897 9905 : 0.662302
9897 9905 - 9884 9892 : 0.503836
9962 9970 - 9976 9984 : 0.540873
