10059 10068 - 10031 10040 : 0.603968
10088 10096 - 10092 10100 : 0.553042
10146 10154 - 10125 10133 : 0.593783
10200 10209 - 10202 10211 : 0.517302
10250 10257 - 10266 10273 : 0.578274
10315 10323 - 10283 10291 : 0.556746
10386 10395 - 10383 10392 : 0.578968
10399 10409 - 10356 10366 : 0.506241
10442 10450 - 10409 10417 : 0.503836
1045 1057 - 1060 1072 : 0.518595
10538 10547 - 10518 10527 : 0.503016
10544 10552 - 10536 10544 : 0.577910
10576 10584 - 10589 10597 : 0.550132
10585 10596 - 10574 10585 : 0.542033
10669 10685 - 10634 10650 : 0.546926
10688 10697 - 10667 10676 : 0.547302
10714 10726 - 10732 10744 : 0.506477
10777 10787 - 10772 10782 : 0.572799
1080 1090 - 1042 1052 : 0.520274
10849 10857 - 10822 10830 : 0.577910
10928 10940 - 10952 10964 : 0.531416
11024 11039 - 10998 11013 : 0.515300
1108 1117 - 1112 1121 : 0.500635
11084 11095 - 11117 11128 : 0.553211
11178 11188 - 11186 11196 : 0.506782
11252 11261 - 11207 11216 : 0.553016
11277 11285 - 11314 11322 : 0.577910
11395 11408 - 11385 11398 : 0.596800
11399 11409 - 11389 11399 : 0.556241
11718 11725 - 11762 11769 : 0.522024
11817 11827 - 11792 11802 : 0.520274
11889 11902 - 11892 11905 : 0.525568
11918 11928 - 11912 11922 : 0.512698
12143 12153 - 12136 12146 : 0.535029
12254 12264 - 12302 12312 : 0.512302
12317 12326 - 12275 12284 : 0.590516
12376 12385 - 12358 12367 : 0.569683
12507 12514 - 12554 12561 : 0.547024
12643 12651 - 12648 12656 : 0.503836
12752 12763 - 12747 12758 : 0.541074
12816 12829 - 12860 12873 : 0.553544
12873 12882 - 12898 12907 : 0.667302
1296 1305 - 1268 1277 : 0.603968
13013 13020 - 13008 13015 : 0.557440
13103 13115 - 13133 13145 : 0.527570
13131 13140 - 13160 13169 : 0.507183
13227 13238 - 13276 13287 : 0.575797
1325 1333 - 1329 1337 : 0.553042
13277 13285 - 13228 13236 : 0.540873
13473 13483 - 13457 13467 : 0.520274
13580 13590 - 13600 13610 : 0.565729
13594 13608 - 13563 13577 : 0.592356
13657 13665 - 13658 13666 : 0.509392
13664 13675 - 13626 13637 : 0.553211
13744 13754 - 13750 13760 : 0.527453
13759 13768 - 13735 13744 : 0.528968
1383 1391 - 1362 1370 : 0.593783
13886 13895 - 13850 13859 : 0.567302
13989 13998 - 13947 13956 : 0.528968
14059 14068 - 14045 14054 : 0.662302
14115 14124 - 14156 14165 : 0.745635
14151 14158 - 14117 14124 : 0.515774
14211 14220 - 14239 14248 : 0.528016
14240 14253 - 14259 14272 : 0.577753
14341 14349 - 14377 14385 : 0.525265
1437 1446 - 1439 1448 : 0.517302
14373 14384 - 14334 14345 : 0.503938
14391 14401 - 14398 14408 : 0.521068
14493 14501 - 14479 14487 : 0.540873
14663 14671 - 14705 14713 : 0.577910
14814 14823 - 14802 14811 : 0.520516
14825 14834 - 14812 14821 : 0.550635
14858 14870 - 14854 14866 : 0.531416
1487 1494 - 1503 1510 : 0.578274
14932 14940 - 14953 14961 : 0.510450
14991 14999 - 15010 15018 : 0.588228
15021 15030 - 14991 15000 : 0.553016
15025 15033 - 15039 15047 : 0.540873
15067 15076 - 15023 15032 : 0.519683
15231 15244 - 15234 15247 : 0.513779
15327 15335 - 15304 15312 : 0.519709
15359 15369 - 15318 15328 : 0.507035
15387 15400 - 15430 15443 : 0.500514
15518 15526 - 15523 15531 : 0.556746
15535 15544 - 15545 15554 : 0.628968
15636 15642 - 15649 15655 : 0.504762
15669 15677 - 15636 15644 : 0.662302
15725 15735 - 15748 15758 : 0.512698
15746 15758 - 15790 15802 : 0.535262
15782 15793 - 15826 15837 : 0.582741
15809 15819 - 15785 15795 : 0.506241
15914 15927 - 15905 15918 : 0.509045
15965 15976 - 15981 15992 : 0.528211
15996 16004 - 16006 16014 : 0.577910
16063 16073 - 16093 16103 : 0.535426
16114 16121 - 16073 16080 : 0.522024
16259 16271 - 16250 16262 : 0.527570
16331 16339 - 16324 16332 : 0.577910
1636 1646 - 1593 1603 : 0.506241
16366 16374 - 16365 16373 : 0.556746
16524 16533 - 16503 16512 : 0.550635
16544 16552 - 16520 16528 : 0.540873
16576 16583 - 16555 16562 : 0.505357
16589 16597 - 16577 16585 : 0.540873
16652 16660 - 16605 16613 : 0.593783
16754 16763 - 16743 16752 : 0.532063
1679 1687 - 1646 1654 : 0.503836
16865 16879 - 16819 16833 : 0.569785
16883 16893 - 16881 16891 : 0.574423
16947 16954 - 16937 16944 : 0.505357
17109 17118 - 17076 17085 : 0.615516
17132 17142 - 17120 17130 : 0.500830
17154 17163 - 17152 17161 : 0.542302
17334 17344 - 17344 17354 : 0.545527
17353 17365 - 17322 17334 : 0.519877
17390 17398 - 17366 17374 : 0.503836
17509 17516 - 17521 17528 : 0.501190
17559 17568 - 17510 17519 : 0.553968
17734 17744 - 17741 17751 : 0.565332
1775 1784 - 1755 1764 : 0.503016
17762 17772 - 17727 17737 : 0.573304
1781 1789 - 1773 1781 : 0.577910
17814 17828 - 17850 17864 : 0.532991
17866 17875 - 17834 17843 : 0.553968
17881 17890 - 17868 17877 : 0.527063
17948 17957 - 17901 17910 : 0.517302
18017 18025 - 18016 18024 : 0.577910
18077 18086 - 18054 18063 : 0.512183
18126 18135 - 18153 18162 : 0.553968
1813 1821 - 1826 1834 : 0.550132
18209 18222 - 18230 18243 : 0.526835
1822 1833 - 1811 1822 : 0.542033
18240 18250 - 18280 18290 : 0.565332
18379 18387 - 18397 18405 : 0.556746
18414 18426 - 18390 18402 : 0.509127
18457 18465 - 18482 18490 : 0.538228
18571 18583 - 18586 18598 : 0.518595
18606 18616 - 18568 18578 : 0.520274
18634 18643 - 18638 18647 : 0.500635
18660 18668 - 18647 18655 : 0.503836
18822 18831 - 18794 18803 : 0.603968
18851 18859 - 18855 18863 : 0.553042
18909 18917 - 18888 18896 : 0.593783
18963 18972 - 18965 18974 : 0.517302
19013 19020 - 19029 19036 : 0.578274
1906 1922 - 1871 1887 : 0.546926
19078 19086 - 19046 19054 : 0.556746
19149 19158 - 19146 19155 : 0.578968
19162 19172 - 19119 19129 : 0.506241
19205 19213 - 19172 19180 : 0.503836
19301 19310 - 19281 19290 : 0.503016
19307 19315 - 19299 19307 : 0.577910
19339 19347 - 19352 19360 : 0.550132
19348 19359 - 19337 19348 : 0.542033
19432 19448 - 19397 19413 : 0.546926
19451 19460 - 19430 19439 : 0.547302
19477 19489 - 19495 19507 : 0.506477
1951 1963 - 1969 1981 : 0.506477
19540 19550 - 19535 19545 : 0.572799
19612 19620 - 19585 19593 : 0.577910
19691 19703 - 19715 19727 : 0.531416
19787 19802 - 19761 19776 : 0.515300
19847 19858 - 19880 19891 : 0.553211
19941 19951 - 19949 19959 : 0.506782
20015 20024 - 19970 19979 : 0.553016
20040 20048 - 20077 20085 : 0.577910
2014 2024 - 2009 2019 : 0.572799
20158 20171 - 20148 20161 : 0.596800
20162 20172 - 20152 20162 : 0.556241
20481 20488 - 20525 20532 : 0.522024
20580 20590 - 20555 20565 : 0.520274
20652 20665 - 20655 20668 : 0.525568
20681 20691 - 20675 20685 : 0.512698
208 218 - 215 225 : 0.565332
2086 2094 - 2059 2067 : 0.577910
20906 20916 - 20899 20909 : 0.535029
21017 21027 - 21065 21075 : 0.512302
21080 21089 - 21038 21047 : 0.590516
21139 21148 - 21121 21130 : 0.569683
21270 21277 - 21317 21324 : 0.547024
21406 21414 - 21411 21419 : 0.503836
21515 21526 - 21510 21521 : 0.541074
21579 21592 - 21623 21636 : 0.553544
21636 21645 - 21661 21670 : 0.667302
2165 2177 - 2189 2201 : 0.531416
21776 21783 - 21771 21778 : 0.557440
21866 21878 - 21896 21908 : 0.527570
21894 21903 - 21923 21932 : 0.507183
21990 22001 - 22039 22050 : 0.575797
22040 22048 - 21991 21999 : 0.540873
22236 22246 - 22220 22230 : 0.520274
22343 22353 - 22363 22373 : 0.565729
22357 22371 - 22326 22340 : 0.592356
22420 22428 - 22421 22429 : 0.509392
22427 22438 - 22389 22400 : 0.553211
22507 22517 - 22513 22523 : 0.527453
22522 22531 - 22498 22507 : 0.528968
2261 2276 - 2235 2250 : 0.515300
22649 22658 - 22613 22622 : 0.567302
22752 22761 - 22710 22719 : 0.528968
22822 22831 - 22808 22817 : 0.662302
22878 22887 - 22919 22928 : 0.745635
22914 22921 - 22880 22887 : 0.515774
22974 22983 - 23002 23011 : 0.528016
23003 23016 - 23022 23035 : 0.577753
23104 23112 - 23140 23148 : 0.525265
23136 23147 - 23097 23108 : 0.503938
23154 23164 - 23161 23171 : 0.521068
2321 2332 - 2354 2365 : 0.553211
23256 23264 - 23242 23250 : 0.540873
23426 23434 - 23468 23476 : 0.577910
23577 23586 - 23565 23574 : 0.520516
23588 23597 - 23575 23584 : 0.550635
236 246 - 201 211 : 0.573304
23621 23633 - 23617 23629 : 0.531416
23695 23703 - 23716 23724 : 0.510450
23754 23762 - 23773 23781 : 0.588228
23784 23793 - 23754 23763 : 0.553016
23788 23796 - 23802 23810 : 0.540873
23830 23839 - 23786 23795 : 0.519683
23994 24007 - 23997 24010 : 0.513779
24090 24098 - 24067 24075 : 0.519709
24122 24132 - 24081 24091 : 0.507035
2415 2425 - 2423 2433 : 0.506782
24150 24163 - 24193 24206 : 0.500514
24281 24289 - 24286 24294 : 0.556746
24298 24307 - 24308 24317 : 0.628968
24399 24405 - 24412 24418 : 0.504762
24432 24440 - 24399 24407 : 0.662302
24488 24498 - 24511 24521 : 0.512698
24509 24521 - 24553 24565 : 0.535262
24545 24556 - 24589 24600 : 0.582741
24572 24582 - 24548 24558 : 0.506241
24677 24690 - 24668 24681 : 0.509045
24728 24739 - 24744 24755 : 0.528211
24759 24767 - 24769 24777 : 0.577910
24826 24836 - 24856 24866 : 0.535426
24877 24884 - 24836 24843 : 0.522024
2489 2498 - 2444 2453 : 0.553016
25022 25034 - 25013 25025 : 0.527570
25094 25102 - 25087 25095 : 0.577910
25129 25137 - 25128 25136 : 0.556746
2514 2522 - 2551 2559 : 0.577910
25287 25296 - 25266 25275 : 0.550635
25307 25315 - 25283 25291 : 0.540873
25339 25346 - 25318 25325 : 0.505357
25352 25360 - 25340 25348 : 0.540873
25415 25423 - 25368 25376 : 0.593783
25517 25526 - 25506 25515 : 0.532063
25628 25642 - 25582 25596 : 0.569785
25646 25656 - 25644 25654 : 0.574423
25710 25717 - 25700 25707 : 0.505357
25872 25881 - 25839 25848 : 0.615516
25895 25905 - 25883 25893 : 0.500830
25917 25926 - 25915 25924 : 0.542302
26097 26107 - 26107 26117 : 0.545527
26116 26128 - 26085 26097 : 0.519877
26153 26161 - 26129 26137 : 0.503836
26272 26279 - 26284 26291 : 0.501190
2632 2645 - 2622 2635 : 0.596800
26322 26331 - 26273 26282 : 0.553968
2636 2646 - 2626 2636 : 0.556241
26497 26507 - 26504 26514 : 0.565332
26525 26535 - 26490 26500 : 0.573304
26577 26591 - 26613 26627 : 0.532991
26629 26638 - 26597 26606 : 0.553968
26644 26653 - 26631 26640 : 0.527063
26711 26720 - 26664 26673 : 0.517302
26780 26788 - 26779 26787 : 0.577910
26840 26849 - 26817 26826 : 0.512183
26889 26898 - 26916 26925 : 0.553968
26972 26985 - 26993 27006 : 0.526835
27003 27013 - 27043 27053 : 0.565332
27142 27150 - 27160 27168 : 0.556746
27177 27189 - 27153 27165 : 0.509127
27220 27228 - 27245 27253 : 0.538228
27334 27346 - 27349 27361 : 0.518595
27369 27379 - 27331 27341 : 0.520274
27397 27406 - 27401 27410 : 0.500635
27423 27431 - 27410 27418 : 0.503836
27585 27594 - 27557 27566 : 0.603968
27614 27622 - 27618 27626 : 0.553042
27672 27680 - 27651 27659 : 0.593783
27726 27735 - 27728 27737 : 0.517302
27776 27783 - 27792 27799 : 0.578274
27841 27849 - 27809 27817 : 0.556746
27912 27921 - 27909 27918 : 0.578968
27925 27935 - 27882 27892 : 0.506241
27968 27976 - 27935 27943 : 0.503836
28064 28073 - 28044 28053 : 0.503016
28070 28078 - 28062 28070 : 0.577910
28102 28110 - 28115 28123 : 0.550132
28111 28122 - 28100 28111 : 0.542033
28195 28211 - 28160 28176 : 0.546926
28214 28223 - 28193 28202 : 0.547302
28240 28252 - 28258 28270 : 0.506477
28303 28313 - 28298 28308 : 0.572799
28375 28383 - 28348 28356 : 0.577910
28454 28466 - 28478 28490 : 0.531416
28550 28565 - 28524 28539 : 0.515300
28610 28621 - 28643 28654 : 0.553211
28704 28714 - 28712 28722 : 0.506782
28778 28787 - 28733 28742 : 0.553016
288 302 - 324 338 : 0.532991
28803 28811 - 28840 28848 : 0.577910
28921 28934 - 28911 28924 : 0.596800
28925 28935 - 28915 28925 : 0.556241
29244 29251 - 29288 29295 : 0.522024
29343 29353 - 29318 29328 : 0.520274
29415 29428 - 29418 29431 : 0.525568
29444 29454 - 29438 29448 : 0.512698
2955 2962 - 2999 3006 : 0.522024
29669 29679 - 29662 29672 : 0.535029
29780 29790 - 29828 29838 : 0.512302
29843 29852 - 29801 29810 : 0.590516
29902 29911 - 29884 29893 : 0.569683
30033 30040 - 30080 30087 : 0.547024
30169 30177 - 30174 30182 : 0.503836
30278 30289 - 30273 30284 : 0.541074
30342 30355 - 30386 30399 : 0.553544
30399 30408 - 30424 30433 : 0.667302
30539 30546 - 30534 30541 : 0.557440
3054 3064 - 3029 3039 : 0.520274
30629 30641 - 30659 30671 : 0.527570
30657 30666 - 30686 30695 : 0.507183
30753 30764 - 30802 30813 : 0.575797
30803 30811 - 30754 30762 : 0.540873
30999 31009 - 30983 30993 : 0.520274
31106 31116 - 31126 31136 : 0.565729
31120 31134 - 31089 31103 : 0.592356
31183 31191 - 31184 31192 : 0.509392
31190 31201 - 31152 31163 : 0.553211
3126 3139 - 3129 3142 : 0.525568
31270 31280 - 31276 31286 : 0.527453
31285 31294 - 31261 31270 : 0.528968
31412 31421 - 31376 31385 : 0.567302
31515 31524 - 31473 31482 : 0.528968
3155 3165 - 3149 3159 : 0.512698
31585 31594 - 31571 31580 : 0.662302
31641 31650 - 31682 31691 : 0.745635
31677 31684 - 31643 31650 : 0.515774
31737 31746 - 31765 31774 : 0.528016
31766 31779 - 31785 31798 : 0.577753
31867 31875 - 31903 31911 : 0.525265
31899 31910 - 31860 31871 : 0.503938
31917 31927 - 31924 31934 : 0.521068
32019 32027 - 32005 32013 : 0.540873
32189 32197 - 32231 32239 : 0.577910
32340 32349 - 32328 32337 : 0.520516
32351 32360 - 32338 32347 : 0.550635
32384 32396 - 32380 32392 : 0.531416
32458 32466 - 32479 32487 : 0.510450
32517 32525 - 32536 32544 : 0.588228
32547 32556 - 32517 32526 : 0.553016
32551 32559 - 32565 32573 : 0.540873
32593 32602 - 32549 32558 : 0.519683
32757 32770 - 32760 32773 : 0.513779
32853 32861 - 32830 32838 : 0.519709
32885 32895 - 32844 32854 : 0.507035
32913 32926 - 32956 32969 : 0.500514
33044 33052 - 33049 33057 : 0.556746
33061 33070 - 33071 33080 : 0.628968
33162 33168 - 33175 33181 : 0.504762
33195 33203 - 33162 33170 : 0.662302
33251 33261 - 33274 33284 : 0.512698
33272 33284 - 33316 33328 : 0.535262
33308 33319 - 33352 33363 : 0.582741
33335 33345 - 33311 33321 : 0.506241
33440 33453 - 33431 33444 : 0.509045
33491 33502 - 33507 33518 : 0.528211
33522 33530 - 33532 33540 : 0.577910
33589 33599 - 33619 33629 : 0.535426
33640 33647 - 33599 33606 : 0.522024
33785 33797 - 33776 33788 : 0.527570
33857 33865 - 33850 33858 : 0.577910
33892 33900 - 33891 33899 : 0.556746
340 349 - 308 317 : 0.553968
34070 34078 - 34046 34054 : 0.540873
34102 34109 - 34081 34088 : 0.505357
34115 34123 - 34103 34111 : 0.540873
34178 34186 - 34131 34139 : 0.593783
34280 34289 - 34269 34278 : 0.532063
34391 34405 - 34345 34359 : 0.569785
34409 34419 - 34407 34417 : 0.574423
34473 34480 - 34463 34470 : 0.505357
34635 34644 - 34602 34611 : 0.615516
34658 34668 - 34646 34656 : 0.500830
34680 34689 - 34678 34687 : 0.542302
34860 34870 - 34870 34880 : 0.545527
34879 34891 - 34848 34860 : 0.519877
3491 3501 - 3539 3549 : 0.512302
35035 35042 - 35047 35054 : 0.501190
35085 35094 - 35036 35045 : 0.553968
35260 35270 - 35267 35277 : 0.565332
35288 35298 - 35253 35263 : 0.573304
35340 35354 - 35376 35390 : 0.532991
35392 35401 - 35360 35369 : 0.553968
35407 35416 - 35394 35403 : 0.527063
35474 35483 - 35427 35436 : 0.517302
355 364 - 342 351 : 0.527063
3554 3563 - 3512 3521 : 0.590516
35543 35551 - 35542 35550 : 0.577910
35603 35612 - 35580 35589 : 0.512183
35652 35661 - 35679 35688 : 0.553968
35735 35748 - 35756 35769 : 0.526835
35766 35776 - 35806 35816 : 0.565332
35905 35913 - 35923 35931 : 0.556746
35940 35952 - 35916 35928 : 0.509127
35983 35991 - 36008 36016 : 0.538228
36097 36109 - 36112 36124 : 0.518595
3613 3622 - 3595 3604 : 0.569683
36132 36142 - 36094 36104 : 0.520274
36160 36169 - 36164 36173 : 0.500635
36186 36194 - 36173 36181 : 0.503836
36348 36357 - 36320 36329 : 0.603968
36377 36385 - 36381 36389 : 0.553042
36435 36443 - 36414 36422 : 0.593783
36489 36498 - 36491 36500 : 0.517302
36539 36546 - 36555 36562 : 0.578274
36604 36612 - 36572 36580 : 0.556746
36675 36684 - 36672 36681 : 0.578968
36688 36698 - 36645 36655 : 0.506241
36731 36739 - 36698 36706 : 0.503836
36827 36836 - 36807 36816 : 0.503016
36833 36841 - 36825 36833 : 0.577910
36865 36873 - 36878 36886 : 0.550132
36874 36885 - 36863 36874 : 0.542033
36958 36974 - 36923 36939 : 0.546926
36977 36986 - 36956 36965 : 0.547302
37003 37015 - 37021 37033 : 0.506477
37066 37076 - 37061 37071 : 0.572799
37138 37146 - 37111 37119 : 0.577910
37217 37229 - 37241 37253 : 0.531416
37313 37328 - 37287 37302 : 0.515300
37373 37384 - 37406 37417 : 0.553211
3744 3751 - 3791 3798 : 0.547024
37467 37477 - 37475 37485 : 0.506782
37541 37550 - 37496 37505 : 0.553016
37566 37574 - 37603 37611 : 0.577910
37684 37697 - 37674 37687 : 0.596800
37688 37698 - 37678 37688 : 0.556241
38007 38014 - 38051 38058 : 0.522024
38106 38116 - 38081 38091 : 0.520274
38178 38191 - 38181 38194 : 0.525568
38207 38217 - 38201 38211 : 0.512698
38432 38442 - 38425 38435 : 0.535029
38543 38553 - 38591 38601 : 0.512302
38606 38615 - 38564 38573 : 0.590516
38665 38674 - 38647 38656 : 0.569683
38796 38803 - 38843 38850 : 0.547024
3880 3888 - 3885 3893 : 0.503836
38932 38940 - 38937 38945 : 0.503836
39041 39052 - 39036 39047 : 0.541074
39105 39118 - 39149 39162 : 0.553544
39162 39171 - 39187 39196 : 0.667302
39302 39309 - 39297 39304 : 0.557440
39392 39404 - 39422 39434 : 0.527570
39420 39429 - 39449 39458 : 0.507183
39516 39527 - 39565 39576 : 0.575797
39566 39574 - 39517 39525 : 0.540873
39762 39772 - 39746 39756 : 0.520274
39869 39879 - 39889 39899 : 0.565729
39883 39897 - 39852 39866 : 0.592356
3989 4000 - 3984 3995 : 0.541074
39946 39954 - 39947 39955 : 0.509392
39953 39964 - 39915 39926 : 0.553211
40033 40043 - 40039 40049 : 0.527453
40048 40057 - 40024 40033 : 0.528968
40175 40184 - 40139 40148 : 0.567302
40278 40287 - 40236 40245 : 0.528968
40348 40357 - 40334 40343 : 0.662302
40404 40413 - 40445 40454 : 0.745635
40440 40447 - 40406 40413 : 0.515774
40500 40509 - 40528 40537 : 0.528016
40529 40542 - 40548 40561 : 0.577753
4053 4066 - 4097 4110 : 0.553544
40630 40638 - 40666 40674 : 0.525265
40662 40673 - 40623 40634 : 0.503938
40680 40690 - 40687 40697 : 0.521068
40782 40790 - 40768 40776 : 0.540873
40952 40960 - 40994 41002 : 0.577910
4110 4119 - 4135 4144 : 0.667302
41114 41123 - 41101 41110 : 0.550635
41147 41159 - 41143 41155 : 0.531416
41221 41229 - 41242 41250 : 0.510450
41280 41288 - 41299 41307 : 0.588228
41310 41319 - 41280 41289 : 0.553016
41314 41322 - 41328 41336 : 0.540873
41356 41365 - 41312 41321 : 0.519683
41520 41533 - 41523 41536 : 0.513779
41616 41624 - 41593 41601 : 0.519709
41648 41658 - 41607 41617 : 0.507035
41676 41689 - 41719 41732 : 0.500514
41807 41815 - 41812 41820 : 0.556746
41824 41833 - 41834 41843 : 0.628968
41925 41931 - 41938 41944 : 0.504762
41958 41966 - 41925 41933 : 0.662302
42014 42024 - 42037 42047 : 0.512698
42035 42047 - 42079 42091 : 0.535262
42071 42082 - 42115 42126 : 0.582741
42098 42108 - 42074 42084 : 0.506241
42203 42216 - 42194 42207 : 0.509045
42254 42265 - 42270 42281 : 0.528211
42285 42293 - 42295 42303 : 0.577910
42352 42362 - 42382 42392 : 0.535426
42403 42410 - 42362 42369 : 0.522024
4250 4257 - 4245 4252 : 0.557440
42548 42560 - 42539 42551 : 0.527570
42620 42628 - 42613 42621 : 0.577910
42655 42663 - 42654 42662 : 0.556746
42813 42822 - 42792 42801 : 0.550635
42833 42841 - 42809 42817 : 0.540873
42865 42872 - 42844 42851 : 0.505357
42878 42886 - 42866 42874 : 0.540873
42941 42949 - 42894 42902 : 0.593783
43043 43052 - 43032 43041 : 0.532063
43154 43168 - 43108 43122 : 0.569785
43172 43182 - 43170 43180 : 0.574423
43236 43243 - 43226 43233 : 0.505357
43398 43407 - 43365 43374 : 0.615516
4340 4352 - 4370 4382 : 0.527570
43421 43431 - 43409 43419 : 0.500830
43443 43452 - 43441 43450 : 0.542302
43623 43633 - 43633 43643 : 0.545527
43642 43654 - 43611 43623 : 0.519877
43679 43687 - 43655 43663 : 0.503836
4368 4377 - 4397 4406 : 0.507183
43798 43805 - 43810 43817 : 0.501190
43848 43857 - 43799 43808 : 0.553968
44023 44033 - 44030 44040 : 0.565332
44051 44061 - 44016 44026 : 0.573304
44103 44117 - 44139 44153 : 0.532991
44155 44164 - 44123 44132 : 0.553968
44170 44179 - 44157 44166 : 0.527063
44237 44246 - 44190 44199 : 0.517302
44306 44314 - 44305 44313 : 0.577910
44366 44375 - 44343 44352 : 0.512183
44415 44424 - 44442 44451 : 0.553968
44498 44511 - 44519 44532 : 0.526835
44529 44539 - 44569 44579 : 0.565332
4464 4475 - 4513 4524 : 0.575797
44668 44676 - 44686 44694 : 0.556746
44703 44715 - 44679 44691 : 0.509127
44746 44754 - 44771 44779 : 0.538228
44860 44872 - 44875 44887 : 0.518595
44895 44905 - 44857 44867 : 0.520274
44923 44932 - 44927 44936 : 0.500635
44949 44957 - 44936 44944 : 0.503836
45111 45120 - 45083 45092 : 0.603968
4514 4522 - 4465 4473 : 0.540873
45140 45148 - 45144 45152 : 0.553042
45198 45206 - 45177 45185 : 0.593783
45252 45261 - 45254 45263 : 0.517302
45302 45309 - 45318 45325 : 0.578274
45367 45375 - 45335 45343 : 0.556746
45438 45447 - 45435 45444 : 0.578968
45451 45461 - 45408 45418 : 0.506241
45494 45502 - 45461 45469 : 0.503836
45590 45599 - 45570 45579 : 0.503016
45596 45604 - 45588 45596 : 0.577910
45628 45636 - 45641 45649 : 0.550132
45637 45648 - 45626 45637 : 0.542033
45721 45737 - 45686 45702 : 0.546926
45740 45749 - 45719 45728 : 0.547302
45766 45778 - 45784 45796 : 0.506477
45829 45839 - 45824 45834 : 0.572799
45901 45909 - 45874 45882 : 0.577910
45980 45992 - 46004 46016 : 0.531416
46076 46091 - 46050 46065 : 0.515300
46136 46147 - 46169 46180 : 0.553211
46230 46240 - 46238 46248 : 0.506782
46304 46313 - 46259 46268 : 0.553016
46329 46337 - 46366 46374 : 0.577910
46447 46460 - 46437 46450 : 0.596800
46451 46461 - 46441 46451 : 0.556241
46770 46777 - 46814 46821 : 0.522024
46869 46879 - 46844 46854 : 0.520274
46941 46954 - 46944 46957 : 0.525568
46970 46980 - 46964 46974 : 0.512698
47195 47205 - 47188 47198 : 0.535029
47306 47316 - 47354 47364 : 0.512302
47369 47378 - 47327 47336 : 0.590516
47428 47437 - 47410 47419 : 0.569683
47559 47566 - 47606 47613 : 0.547024
47695 47703 - 47700 47708 : 0.503836
47804 47815 - 47799 47810 : 0.541074
47868 47881 - 47912 47925 : 0.553544
47925 47934 - 47950 47959 : 0.667302
48065 48072 - 48060 48067 : 0.557440
48155 48167 - 48185 48197 : 0.527570
4817 4827 - 4837 4847 : 0.565729
48183 48192 - 48212 48221 : 0.507183
48279 48290 - 48328 48339 : 0.575797
4831 4845 - 4800 4814 : 0.592356
48329 48337 - 48280 48288 : 0.540873
48525 48535 - 48509 48519 : 0.520274
48632 48642 - 48652 48662 : 0.565729
48646 48660 - 48615 48629 : 0.592356
48709 48717 - 48710 48718 : 0.509392
48716 48727 - 48678 48689 : 0.553211
48796 48806 - 48802 48812 : 0.527453
48811 48820 - 48787 48796 : 0.528968
48938 48947 - 48902 48911 : 0.567302
4901 4912 - 4863 4874 : 0.553211
49041 49050 - 48999 49008 : 0.528968
491 499 - 490 498 : 0.577910
49111 49120 - 49097 49106 : 0.662302
49167 49176 - 49208 49217 : 0.745635
49203 49210 - 49169 49176 : 0.515774
49263 49272 - 49291 49300 : 0.528016
49292 49305 - 49311 49324 : 0.577753
49393 49401 - 49429 49437 : 0.525265
49425 49436 - 49386 49397 : 0.503938
49443 49453 - 49450 49460 : 0.521068
49545 49553 - 49531 49539 : 0.540873
49715 49723 - 49757 49765 : 0.577910
4981 4991 - 4987 4997 : 0.527453
49866 49875 - 49854 49863 : 0.520516
49877 49886 - 49864 49873 : 0.550635
49910 49922 - 49906 49918 : 0.531416
4996 5005 - 4972 4981 : 0.528968
49984 49992 - 50005 50013 : 0.510450
50043 50051 - 50062 50070 : 0.588228
50073 50082 - 50043 50052 : 0.553016
50077 50085 - 50091 50099 : 0.540873
50119 50128 - 50075 50084 : 0.519683
50283 50296 - 50286 50299 : 0.513779
50379 50387 - 50356 50364 : 0.519709
50411 50421 - 50370 50380 : 0.507035
50439 50452 - 50482 50495 : 0.500514
50570 50578 - 50575 50583 : 0.556746
50587 50596 - 50597 50606 : 0.628968
50688 50694 - 50701 50707 : 0.504762
50721 50729 - 50688 50696 : 0.662302
50777 50787 - 50800 50810 : 0.512698
50798 50810 - 50842 50854 : 0.535262
50834 50845 - 50878 50889 : 0.582741
50861 50871 - 50837 50847 : 0.506241
50966 50979 - 50957 50970 : 0.509045
51017 51028 - 51033 51044 : 0.528211
51048 51056 - 51058 51066 : 0.577910
51115 51125 - 51145 51155 : 0.535426
51166 51173 - 51125 51132 : 0.522024
5123 5132 - 5087 5096 : 0.567302
51311 51323 - 51302 51314 : 0.527570
51383 51391 - 51376 51384 : 0.577910
51418 51426 - 51417 51425 : 0.556746
51576 51585 - 51555 51564 : 0.550635
51596 51604 - 51572 51580 : 0.540873
51628 51635 - 51607 51614 : 0.505357
51641 51649 - 51629 51637 : 0.540873
51704 51712 - 51657 51665 : 0.593783
51806 51815 - 51795 51804 : 0.532063
51917 51931 - 51871 51885 : 0.569785
51935 51945 - 51933 51943 : 0.574423
51999 52006 - 51989 51996 : 0.505357
52161 52170 - 52128 52137 : 0.615516
52184 52194 - 52172 52182 : 0.500830
52206 52215 - 52204 52213 : 0.542302
5226 5235 - 5184 5193 : 0.528968
52386 52396 - 52396 52406 : 0.545527
52405 52417 - 52374 52386 : 0.519877
52442 52450 - 52418 52426 : 0.503836
52561 52568 - 52573 52580 : 0.501190
52611 52620 - 52562 52571 : 0.553968
52786 52796 - 52793 52803 : 0.565332
52814 52824 - 52779 52789 : 0.573304
52866 52880 - 52902 52916 : 0.532991
52918 52927 - 52886 52895 : 0.553968
52933 52942 - 52920 52929 : 0.527063
5296 5305 - 5282 5291 : 0.662302
53000 53009 - 52953 52962 : 0.517302
53069 53077 - 53068 53076 : 0.577910
53129 53138 - 53106 53115 : 0.512183
53178 53187 - 53205 53214 : 0.553968
53261 53274 - 53282 53295 : 0.526835
53292 53302 - 53332 53342 : 0.565332
53431 53439 - 53449 53457 : 0.556746
53466 53478 - 53442 53454 : 0.509127
53509 53517 - 53534 53542 : 0.538228
5352 5361 - 5393 5402 : 0.745635
53623 53635 - 53638 53650 : 0.518595
53658 53668 - 53620 53630 : 0.520274
53686 53695 - 53690 53699 : 0.500635
53712 53720 - 53699 53707 : 0.503836
53874 53883 - 53846 53855 : 0.603968
5388 5395 - 5354 5361 : 0.515774
53903 53911 - 53907 53915 : 0.553042
53961 53969 - 53940 53948 : 0.593783
54015 54024 - 54017 54026 : 0.517302
54065 54072 - 54081 54088 : 0.578274
54130 54138 - 54098 54106 : 0.556746
54201 54210 - 54198 54207 : 0.578968
54214 54224 - 54171 54181 : 0.506241
54257 54265 - 54224 54232 : 0.503836
54353 54362 - 54333 54342 : 0.503016
54359 54367 - 54351 54359 : 0.577910
54391 54399 - 54404 54412 : 0.550132
54400 54411 - 54389 54400 : 0.542033
5448 5457 - 5476 5485 : 0.528016
54484 54500 - 54449 54465 : 0.546926
54503 54512 - 54482 54491 : 0.547302
54529 54541 - 54547 54559 : 0.506477
54592 54602 - 54587 54597 : 0.572799
54664 54672 - 54637 54645 : 0.577910
54743 54755 - 54767 54779 : 0.531416
5477 5490 - 5496 5509 : 0.577753
54839 54854 - 54813 54828 : 0.515300
54899 54910 - 54932 54943 : 0.553211
54993 55003 - 55001 55011 : 0.506782
55067 55076 - 55022 55031 : 0.553016
55092 55100 - 55129 55137 : 0.577910
551 560 - 528 537 : 0.512183
55210 55223 - 55200 55213 : 0.596800
55214 55224 - 55204 55214 : 0.556241
55533 55540 - 55577 55584 : 0.522024
55632 55642 - 55607 55617 : 0.520274
55704 55717 - 55707 55720 : 0.525568
55733 55743 - 55727 55737 : 0.512698
5578 5586 - 5614 5622 : 0.525265
55958 55968 - 55951 55961 : 0.535029
56069 56079 - 56117 56127 : 0.512302
5610 5621 - 5571 5582 : 0.503938
56132 56141 - 56090 56099 : 0.590516
56191 56200 - 56173 56182 : 0.569683
5628 5638 - 5635 5645 : 0.521068
56322 56329 - 56369 56376 : 0.547024
56458 56466 - 56463 56471 : 0.503836
56567 56578 - 56562 56573 : 0.541074
56631 56644 - 56675 56688 : 0.553544
56688 56697 - 56713 56722 : 0.667302
56828 56835 - 56823 56830 : 0.557440
56918 56930 - 56948 56960 : 0.527570
56946 56955 - 56975 56984 : 0.507183
57042 57053 - 57091 57102 : 0.575797
57092 57100 - 57043 57051 : 0.540873
57288 57298 - 57272 57282 : 0.520274
5730 5738 - 5716 5724 : 0.540873
57395 57405 - 57415 57425 : 0.565729
57409 57423 - 57378 57392 : 0.592356
57472 57480 - 57473 57481 : 0.509392
57479 57490 - 57441 57452 : 0.553211
57559 57569 - 57565 57575 : 0.527453
57574 57583 - 57550 57559 : 0.528968
57701 57710 - 57665 57674 : 0.567302
57804 57813 - 57762 57771 : 0.528968
57874 57883 - 57860 57869 : 0.662302
57930 57939 - 57971 57980 : 0.745635
57966 57973 - 57932 57939 : 0.515774
58026 58035 - 58054 58063 : 0.528016
58055 58068 - 58074 58087 : 0.577753
58156 58164 - 58192 58200 : 0.525265
58188 58199 - 58149 58160 : 0.503938
58206 58216 - 58213 58223 : 0.521068
58308 58316 - 58294 58302 : 0.540873
58478 58486 - 58520 58528 : 0.577910
58629 58638 - 58617 58626 : 0.520516
58640 58649 - 58627 58636 : 0.550635
58673 58685 - 58669 58681 : 0.531416
58747 58755 - 58768 58776 : 0.510450
58806 58814 - 58825 58833 : 0.588228
58836 58845 - 58806 58815 : 0.553016
58840 58848 - 58854 58862 : 0.540873
58882 58891 - 58838 58847 : 0.519683
5900 5908 - 5942 5950 : 0.577910
59046 59059 - 59049 59062 : 0.513779
59142 59150 - 59119 59127 : 0.519709
59174 59184 - 59133 59143 : 0.507035
59202 59215 - 59245 59258 : 0.500514
59333 59341 - 59338 59346 : 0.556746
59350 59359 - 59360 59369 : 0.628968
59451 59457 - 59464 59470 : 0.504762
59484 59492 - 59451 59459 : 0.662302
59540 59550 - 59563 59573 : 0.512698
59561 59573 - 59605 59617 : 0.535262
59597 59608 - 59641 59652 : 0.582741
59624 59634 - 59600 59610 : 0.506241
59729 59742 - 59720 59733 : 0.509045
59780 59791 - 59796 59807 : 0.528211
59811 59819 - 59821 59829 : 0.577910
59878 59888 - 59908 59918 : 0.535426
59929 59936 - 59888 59895 : 0.522024
6051 6060 - 6039 6048 : 0.520516
6062 6071 - 6049 6058 : 0.550635
6095 6107 - 6091 6103 : 0.531416
6169 6177 - 6190 6198 : 0.510450
6228 6236 - 6247 6255 : 0.588228
6258 6267 - 6228 6237 : 0.553016
6262 6270 - 6276 6284 : 0.540873
6304 6313 - 6260 6269 : 0.519683
6468 6481 - 6471 6484 : 0.513779
6564 6572 - 6541 6549 : 0.519709
6596 6606 - 6555 6565 : 0.507035
6624 6637 - 6667 6680 : 0.500514
6755 6763 - 6760 6768 : 0.556746
6772 6781 - 6782 6791 : 0.628968
683 696 - 704 717 : 0.526835
6873 6879 - 6886 6892 : 0.504762
6906 6914 - 6873 6881 : 0.662302
6962 6972 - 6985 6995 : 0.512698
6983 6995 - 7027 7039 : 0.535262
7019 7030 - 7063 7074 : 0.582741
7046 7056 - 7022 7032 : 0.506241
714 724 - 754 764 : 0.565332
7151 7164 - 7142 7155 : 0.509045
7202 7213 - 7218 7229 : 0.528211
7233 7241 - 7243 7251 : 0.577910
7300 7310 - 7330 7340 : 0.535426
7351 7358 - 7310 7317 : 0.522024
7496 7508 - 7487 7499 : 0.527570
7568 7576 - 7561 7569 : 0.577910
7603 7611 - 7602 7610 : 0.556746
7761 7770 - 7740 7749 : 0.550635
7781 7789 - 7757 7765 : 0.540873
7813 7820 - 7792 7799 : 0.505357
7826 7834 - 7814 7822 : 0.540873
7889 7897 - 7842 7850 : 0.593783
7991 8000 - 7980 7989 : 0.532063
8102 8116 - 8056 8070 : 0.569785
8120 8130 - 8118 8128 : 0.574423
8184 8191 - 8174 8181 : 0.505357
8346 8355 - 8313 8322 : 0.615516
8369 8379 - 8357 8367 : 0.500830
8391 8400 - 8389 8398 : 0.542302
853 861 - 871 879 : 0.556746
8571 8581 - 8581 8591 : 0.545527
8590 8602 - 8559 8571 : 0.519877
8627 8635 - 8603 8611 : 0.503836
8746 8753 - 8758 8765 : 0.501190
8796 8805 - 8747 8756 : 0.553968
888 900 - 864 876 : 0.509127
8971 8981 - 8978 8988 : 0.565332
8999 9009 - 8964 8974 : 0.573304
9051 9065 - 9087 9101 : 0.532991
9103 9112 - 9071 9080 : 0.553968
9118 9127 - 9105 9114 : 0.527063
9185 9194 - 9138 9147 : 0.517302
9254 9262 - 9253 9261 : 0.577910
931 939 - 956 964 : 0.538228
9314 9323 - 9291 9300 : 0.512183
9363 9372 - 9390 9399 : 0.553968
9446 9459 - 9467 9480 : 0.526835
9477 9487 - 9517 9527 : 0.565332
9616 9624 - 9634 9642 : 0.556746
9651 9663 - 9627 9639 : 0.509127
9694 9702 - 9719 9727 : 0.538228
9808 9820 - 9823 9835 : 0.518595
9843 9853 - 9805 9815 : 0.520274
9871 9880 - 9875 9884 : 0.500635
9897 9905 - 9884 9892 : 0.503836
