10059 10068 - 10031 10040 : 0.603968
10097 10104 - 10136 10143 : 0.644940
10200 10209 - 10202 10211 : 0.578968
10399 10409 - 10356 10366 : 0.506241
10581 10593 - 10570 10582 : 0.543229
10688 10697 - 10667 10676 : 0.547302
10714 10726 - 10732 10744 : 0.545671
10728 10738 - 10695 10705 : 0.512302
10769 10778 - 10797 10806 : 0.628016
10849 10857 - 10822 10830 : 0.577910
1086 1094 - 1134 1142 : 0.662302
10928 10940 - 10952 10964 : 0.531416
10994 11003 - 11037 11046 : 0.512183
11024 11040 - 10998 11014 : 0.501784
11086 11094 - 11125 11133 : 0.530556
11146 11154 - 11159 11167 : 0.506746
11178 11188 - 11186 11196 : 0.506782
11252 11261 - 11207 11216 : 0.553016
1134 1142 - 1121 1129 : 0.503836
11395 11408 - 11385 11398 : 0.596800
11496 11505 - 11517 11526 : 0.536349
11525 11534 - 11490 11499 : 0.528968
11542 11550 - 11500 11508 : 0.577910
11629 11639 - 11655 11665 : 0.511833
11718 11725 - 11762 11769 : 0.522024
11856 11864 - 11845 11853 : 0.630820
11889 11902 - 11892 11905 : 0.525568
11914 11922 - 11878 11886 : 0.540873
1199 1207 - 1213 1221 : 0.540873
12098 12107 - 12110 12119 : 0.595635
12192 12201 - 12193 12202 : 0.527063
12376 12385 - 12358 12367 : 0.569683
12507 12514 - 12554 12561 : 0.547024
12585 12601 - 12574 12590 : 0.525243
12713 12721 - 12695 12703 : 0.503836
12794 12803 - 12788 12797 : 0.533968
12816 12829 - 12860 12873 : 0.617830
12935 12944 - 12897 12906 : 0.502063
1296 1305 - 1268 1277 : 0.603968
12993 13001 - 13026 13034 : 0.577910
13078 13088 - 13114 13124 : 0.524423
13131 13139 - 13113 13121 : 0.699339
13227 13238 - 13276 13287 : 0.575797
13260 13270 - 13277 13287 : 0.527345
1334 1341 - 1373 1380 : 0.644940
13375 13385 - 13359 13369 : 0.575830
13461 13469 - 13471 13479 : 0.506746
13479 13488 - 13433 13442 : 0.519683
13594 13608 - 13563 13577 : 0.592356
13623 13631 - 13619 13627 : 0.634524
13759 13768 - 13735 13744 : 0.528968
13886 13895 - 13850 13859 : 0.567302
13912 13919 - 13897 13904 : 0.563690
13996 14004 - 13964 13972 : 0.528968
14015 14022 - 14001 14008 : 0.515774
14151 14158 - 14117 14124 : 0.515774
14211 14220 - 14239 14248 : 0.528016
14311 14318 - 14285 14292 : 0.759524
1437 1446 - 1439 1448 : 0.578968
14373 14384 - 14334 14345 : 0.503938
14493 14500 - 14469 14476 : 0.599107
14514 14521 - 14525 14532 : 0.588690
14630 14640 - 14627 14637 : 0.625938
14703 14711 - 14657 14665 : 0.577910
14825 14834 - 14812 14821 : 0.550635
14854 14865 - 14862 14873 : 0.540711
14965 14972 - 14953 14960 : 0.522024
14979 14990 - 14998 15009 : 0.587933
15067 15075 - 15074 15082 : 0.540873
15172 15181 - 15161 15170 : 0.628968
15231 15244 - 15234 15247 : 0.513779
15316 15327 - 15353 15364 : 0.548614
15387 15400 - 15430 15443 : 0.500514
15446 15455 - 15477 15486 : 0.595635
15461 15470 - 15491 15500 : 0.520516
15518 15526 - 15523 15531 : 0.556746
15535 15544 - 15545 15554 : 0.628968
15624 15636 - 15590 15602 : 0.513284
15703 15712 - 15700 15709 : 0.505635
15725 15735 - 15748 15758 : 0.512698
15746 15758 - 15790 15802 : 0.535262
15914 15927 - 15905 15918 : 0.509045
15996 16005 - 16006 16015 : 0.527063
16063 16073 - 16093 16103 : 0.565729
16128 16138 - 16131 16141 : 0.575830
16190 16198 - 16214 16222 : 0.577910
16215 16222 - 16199 16206 : 0.640774
163 172 - 190 199 : 0.545635
1636 1646 - 1593 1603 : 0.506241
16524 16533 - 16503 16512 : 0.550635
16589 16597 - 16577 16585 : 0.540873
16652 16660 - 16605 16613 : 0.593783
16791 16799 - 16756 16764 : 0.528968
16865 16879 - 16819 16833 : 0.569785
16883 16893 - 16881 16891 : 0.604726
16892 16901 - 16909 16918 : 0.595635
17021 17028 - 16973 16980 : 0.522024
17094 17103 - 17061 17070 : 0.527063
17132 17142 - 17120 17130 : 0.500830
17154 17163 - 17152 17161 : 0.542302
17267 17274 - 17253 17260 : 0.522024
17276 17283 - 17282 17289 : 0.522024
17334 17344 - 17344 17354 : 0.545527
17353 17365 - 17322 17334 : 0.519877
17411 17418 - 17412 17419 : 0.557440
17518 17526 - 17512 17520 : 0.686376
17689 17698 - 17716 17725 : 0.545635
17734 17744 - 17741 17751 : 0.565332
17749 17757 - 17784 17792 : 0.519709
17859 17868 - 17838 17847 : 0.528968
18126 18135 - 18153 18162 : 0.553968
18149 18157 - 18122 18130 : 0.543783
1818 1830 - 1807 1819 : 0.543229
18209 18222 - 18230 18243 : 0.526835
18240 18250 - 18280 18290 : 0.565332
18296 18312 - 18337 18353 : 0.511051
18414 18424 - 18365 18375 : 0.537085
18414 18426 - 18390 18402 : 0.509127
18438 18448 - 18477 18487 : 0.512698
18573 18584 - 18588 18599 : 0.505889
18612 18620 - 18660 18668 : 0.662302
18660 18668 - 18647 18655 : 0.503836
18725 18733 - 18739 18747 : 0.540873
18822 18831 - 18794 18803 : 0.603968
18860 18867 - 18899 18906 : 0.644940
18963 18972 - 18965 18974 : 0.578968
19162 19172 - 19119 19129 : 0.506241
19344 19356 - 19333 19345 : 0.543229
19451 19460 - 19430 19439 : 0.547302
19477 19489 - 19495 19507 : 0.545671
19491 19501 - 19458 19468 : 0.512302
1951 1963 - 1969 1981 : 0.545671
19532 19541 - 19560 19569 : 0.628016
19612 19620 - 19585 19593 : 0.577910
1965 1975 - 1932 1942 : 0.512302
19691 19703 - 19715 19727 : 0.531416
19757 19766 - 19800 19809 : 0.512183
19787 19803 - 19761 19777 : 0.501784
19849 19857 - 19888 19896 : 0.530556
19909 19917 - 19922 19930 : 0.506746
19941 19951 - 19949 19959 : 0.506782
20015 20024 - 19970 19979 : 0.553016
2006 2015 - 2034 2043 : 0.628016
20113 20121 - 20113 20121 : 0.547487
20158 20171 - 20148 20161 : 0.596800
20259 20268 - 20280 20289 : 0.536349
20288 20297 - 20253 20262 : 0.528968
20305 20313 - 20263 20271 : 0.577910
20392 20402 - 20418 20428 : 0.511833
20481 20488 - 20525 20532 : 0.522024
20619 20627 - 20608 20616 : 0.630820
20652 20665 - 20655 20668 : 0.525568
20677 20685 - 20641 20649 : 0.540873
208 218 - 215 225 : 0.565332
2086 2094 - 2059 2067 : 0.577910
20861 20870 - 20873 20882 : 0.595635
20955 20964 - 20956 20965 : 0.527063
21139 21148 - 21121 21130 : 0.569683
21229 21237 - 21213 21221 : 0.527910
21270 21277 - 21317 21324 : 0.547024
21348 21364 - 21337 21353 : 0.525243
21476 21484 - 21458 21466 : 0.503836
21557 21566 - 21551 21560 : 0.533968
21579 21592 - 21623 21636 : 0.617830
2165 2177 - 2189 2201 : 0.531416
21698 21707 - 21660 21669 : 0.502063
21756 21764 - 21789 21797 : 0.577910
21841 21851 - 21877 21887 : 0.524423
21894 21902 - 21876 21884 : 0.699339
21990 22001 - 22039 22050 : 0.575797
22023 22033 - 22040 22050 : 0.527345
22138 22148 - 22122 22132 : 0.575830
22224 22232 - 22234 22242 : 0.506746
22242 22251 - 22196 22205 : 0.519683
223 231 - 258 266 : 0.519709
2231 2240 - 2274 2283 : 0.512183
22357 22371 - 22326 22340 : 0.592356
22386 22394 - 22382 22390 : 0.634524
22522 22531 - 22498 22507 : 0.528968
2261 2277 - 2235 2251 : 0.501784
22649 22658 - 22613 22622 : 0.567302
22675 22682 - 22660 22667 : 0.563690
22759 22767 - 22727 22735 : 0.528968
22778 22785 - 22764 22771 : 0.515774
22914 22921 - 22880 22887 : 0.515774
22974 22983 - 23002 23011 : 0.528016
23074 23081 - 23048 23055 : 0.759524
23136 23147 - 23097 23108 : 0.503938
2323 2331 - 2362 2370 : 0.530556
23256 23263 - 23232 23239 : 0.599107
23277 23284 - 23288 23295 : 0.588690
23393 23403 - 23390 23400 : 0.625938
23466 23474 - 23420 23428 : 0.577910
23588 23597 - 23575 23584 : 0.550635
23617 23628 - 23625 23636 : 0.540711
23728 23735 - 23716 23723 : 0.522024
23742 23753 - 23761 23772 : 0.587933
2383 2391 - 2396 2404 : 0.506746
23830 23838 - 23837 23845 : 0.540873
23935 23944 - 23924 23933 : 0.628968
23994 24007 - 23997 24010 : 0.513779
24079 24090 - 24116 24127 : 0.548614
2415 2425 - 2423 2433 : 0.506782
24150 24163 - 24193 24206 : 0.500514
24209 24218 - 24240 24249 : 0.595635
24224 24233 - 24254 24263 : 0.520516
24281 24289 - 24286 24294 : 0.556746
24298 24307 - 24308 24317 : 0.628968
24387 24399 - 24353 24365 : 0.513284
24466 24475 - 24463 24472 : 0.505635
24488 24498 - 24511 24521 : 0.512698
24509 24521 - 24553 24565 : 0.535262
24677 24690 - 24668 24681 : 0.509045
24759 24768 - 24769 24778 : 0.527063
24826 24836 - 24856 24866 : 0.565729
2489 2498 - 2444 2453 : 0.553016
24891 24901 - 24894 24904 : 0.575830
24953 24961 - 24977 24985 : 0.577910
24978 24985 - 24962 24969 : 0.640774
25287 25296 - 25266 25275 : 0.550635
25352 25360 - 25340 25348 : 0.540873
25415 25423 - 25368 25376 : 0.593783
25554 25562 - 25519 25527 : 0.528968
25628 25642 - 25582 25596 : 0.569785
25646 25656 - 25644 25654 : 0.604726
25655 25664 - 25672 25681 : 0.595635
25784 25791 - 25736 25743 : 0.522024
25857 25866 - 25824 25833 : 0.527063
25895 25905 - 25883 25893 : 0.500830
25917 25926 - 25915 25924 : 0.542302
26030 26037 - 26016 26023 : 0.522024
26039 26046 - 26045 26052 : 0.522024
26097 26107 - 26107 26117 : 0.545527
26116 26128 - 26085 26097 : 0.519877
26174 26181 - 26175 26182 : 0.557440
26281 26289 - 26275 26283 : 0.686376
2632 2645 - 2622 2635 : 0.596800
26452 26461 - 26479 26488 : 0.545635
26497 26507 - 26504 26514 : 0.565332
26512 26520 - 26547 26555 : 0.519709
26622 26631 - 26601 26610 : 0.528968
26889 26898 - 26916 26925 : 0.553968
26912 26920 - 26885 26893 : 0.543783
26972 26985 - 26993 27006 : 0.526835
27003 27013 - 27043 27053 : 0.565332
27059 27075 - 27100 27116 : 0.511051
27177 27187 - 27128 27138 : 0.537085
27177 27189 - 27153 27165 : 0.509127
27201 27211 - 27240 27250 : 0.512698
2733 2742 - 2754 2763 : 0.536349
27336 27347 - 27351 27362 : 0.505889
27375 27383 - 27423 27431 : 0.662302
27423 27431 - 27410 27418 : 0.503836
27488 27496 - 27502 27510 : 0.540873
27585 27594 - 27557 27566 : 0.603968
2762 2771 - 2727 2736 : 0.528968
27623 27630 - 27662 27669 : 0.644940
27726 27735 - 27728 27737 : 0.578968
2779 2787 - 2737 2745 : 0.577910
27925 27935 - 27882 27892 : 0.506241
28107 28119 - 28096 28108 : 0.543229
28214 28223 - 28193 28202 : 0.547302
28240 28252 - 28258 28270 : 0.545671
28254 28264 - 28221 28231 : 0.512302
28295 28304 - 28323 28332 : 0.628016
28375 28383 - 28348 28356 : 0.577910
28454 28466 - 28478 28490 : 0.531416
28520 28529 - 28563 28572 : 0.512183
28550 28566 - 28524 28540 : 0.501784
28612 28620 - 28651 28659 : 0.530556
28672 28680 - 28685 28693 : 0.506746
28704 28714 - 28712 28722 : 0.506782
28778 28787 - 28733 28742 : 0.553016
28876 28884 - 28876 28884 : 0.547487
28921 28934 - 28911 28924 : 0.596800
29022 29031 - 29043 29052 : 0.536349
29051 29060 - 29016 29025 : 0.528968
29068 29076 - 29026 29034 : 0.577910
29155 29165 - 29181 29191 : 0.511833
29244 29251 - 29288 29295 : 0.522024
29382 29390 - 29371 29379 : 0.630820
29415 29428 - 29418 29431 : 0.525568
29440 29448 - 29404 29412 : 0.540873
2955 2962 - 2999 3006 : 0.522024
29624 29633 - 29636 29645 : 0.595635
29718 29727 - 29719 29728 : 0.527063
29902 29911 - 29884 29893 : 0.569683
29976 29984 - 29945 29953 : 0.593783
29992 30000 - 29976 29984 : 0.527910
3093 3101 - 3082 3090 : 0.630820
3126 3139 - 3129 3142 : 0.525568
3151 3159 - 3115 3123 : 0.540873
333 342 - 312 321 : 0.528968
3335 3344 - 3347 3356 : 0.595635
3429 3438 - 3430 3439 : 0.527063
3613 3622 - 3595 3604 : 0.569683
3703 3711 - 3687 3695 : 0.527910
3744 3751 - 3791 3798 : 0.547024
3822 3838 - 3811 3827 : 0.525243
3950 3958 - 3932 3940 : 0.503836
4031 4040 - 4025 4034 : 0.533968
4053 4066 - 4097 4110 : 0.617830
4172 4181 - 4134 4143 : 0.502063
4230 4238 - 4263 4271 : 0.577910
4315 4325 - 4351 4361 : 0.524423
4368 4376 - 4350 4358 : 0.699339
4464 4475 - 4513 4524 : 0.575797
4497 4507 - 4514 4524 : 0.527345
4612 4622 - 4596 4606 : 0.575830
4698 4706 - 4708 4716 : 0.506746
4716 4725 - 4670 4679 : 0.519683
4831 4845 - 4800 4814 : 0.592356
4860 4868 - 4856 4864 : 0.634524
4996 5005 - 4972 4981 : 0.528968
5123 5132 - 5087 5096 : 0.567302
5149 5156 - 5134 5141 : 0.563690
5233 5241 - 5201 5209 : 0.528968
5252 5259 - 5238 5245 : 0.515774
5388 5395 - 5354 5361 : 0.515774
5448 5457 - 5476 5485 : 0.528016
5548 5555 - 5522 5529 : 0.759524
5610 5621 - 5571 5582 : 0.503938
5730 5737 - 5706 5713 : 0.599107
5751 5758 - 5762 5769 : 0.588690
5867 5877 - 5864 5874 : 0.625938
5940 5948 - 5894 5902 : 0.577910
600 609 - 627 636 : 0.553968
6062 6071 - 6049 6058 : 0.550635
6091 6102 - 6099 6110 : 0.540711
6202 6209 - 6190 6197 : 0.522024
6216 6227 - 6235 6246 : 0.587933
623 631 - 596 604 : 0.543783
6304 6312 - 6311 6319 : 0.540873
6409 6418 - 6398 6407 : 0.628968
6468 6481 - 6471 6484 : 0.513779
6553 6564 - 6590 6601 : 0.548614
6624 6637 - 6667 6680 : 0.500514
6683 6692 - 6714 6723 : 0.595635
6698 6707 - 6728 6737 : 0.520516
6755 6763 - 6760 6768 : 0.556746
6772 6781 - 6782 6791 : 0.628968
683 696 - 704 717 : 0.526835
6861 6873 - 6827 6839 : 0.513284
6940 6949 - 6937 6946 : 0.505635
6962 6972 - 6985 6995 : 0.512698
6983 6995 - 7027 7039 : 0.535262
714 724 - 754 764 : 0.565332
7151 7164 - 7142 7155 : 0.509045
7233 7242 - 7243 7252 : 0.527063
7300 7310 - 7330 7340 : 0.565729
7365 7375 - 7368 7378 : 0.575830
7427 7435 - 7451 7459 : 0.577910
7452 7459 - 7436 7443 : 0.640774
770 786 - 811 827 : 0.511051
7761 7770 - 7740 7749 : 0.550635
7826 7834 - 7814 7822 : 0.540873
7889 7897 - 7842 7850 : 0.593783
8028 8036 - 7993 8001 : 0.528968
8102 8116 - 8056 8070 : 0.569785
8120 8130 - 8118 8128 : 0.604726
8129 8138 - 8146 8155 : 0.595635
8258 8265 - 8210 8217 : 0.522024
8331 8340 - 8298 8307 : 0.527063
8369 8379 - 8357 8367 : 0.500830
8391 8400 - 8389 8398 : 0.542302
8504 8511 - 8490 8497 : 0.522024
8513 8520 - 8519 8526 : 0.522024
8571 8581 - 8581 8591 : 0.545527
8590 8602 - 8559 8571 : 0.519877
8648 8655 - 8649 8656 : 0.557440
8755 8763 - 8749 8757 : 0.686376
888 900 - 864 876 : 0.509127
8926 8935 - 8953 8962 : 0.545635
8971 8981 - 8978 8988 : 0.565332
8986 8994 - 9021 9029 : 0.519709
9096 9105 - 9075 9084 : 0.528968
912 922 - 951 961 : 0.512698
9363 9372 - 9390 9399 : 0.553968
9386 9394 - 9359 9367 : 0.543783
9446 9459 - 9467 9480 : 0.526835
9477 9487 - 9517 9527 : 0.565332
9533 9549 - 9574 9590 : 0.511051
9651 9661 - 9602 9612 : 0.537085
9651 9663 - 9627 9639 : 0.509127
9675 9685 - 9714 9724 : 0.512698
9810 9821 - 9825 9836 : 0.505889
9849 9857 - 9897 9905 : 0.662302
9897 9905 - 9884 9892 : 0.503836
9962 9970 - 9976 9984 : 0.540873
