10059 10068 - 10031 10040 : 0.603968
10097 10104 - 10136 10143 : 0.619940
10200 10209 - 10202 10211 : 0.517302
10399 10409 - 10356 10366 : 0.506241
1045 1057 - 1060 1072 : 0.518595
10508 10516 - 10546 10554 : 0.522354
10581 10593 - 10570 10582 : 0.522625
10688 10701 - 10667 10680 : 0.500287
10713 10726 - 10731 10744 : 0.503459
10728 10738 - 10695 10705 : 0.512302
10849 10857 - 10822 10830 : 0.577910
1086 1094 - 1134 1142 : 0.662302
10928 10940 - 10952 10964 : 0.531416
10994 11003 - 11037 11046 : 0.512183
11024 11039 - 10998 11013 : 0.515300
11086 11094 - 11125 11133 : 0.530556
11146 11154 - 11159 11167 : 0.506746
11178 11188 - 11186 11196 : 0.506782
11252 11261 - 11207 11216 : 0.553016
1134 1142 - 1121 1129 : 0.503836
11395 11408 - 11385 11398 : 0.590848
11496 11505 - 11517 11526 : 0.536349
11525 11534 - 11490 11499 : 0.528968
11542 11550 - 11500 11508 : 0.577910
11578 11587 - 11614 11623 : 0.545635
11718 11725 - 11762 11769 : 0.522024
11856 11864 - 11845 11853 : 0.630820
11889 11902 - 11892 11905 : 0.525568
11918 11928 - 11912 11922 : 0.512698
12192 12201 - 12193 12202 : 0.527063
12376 12385 - 12358 12367 : 0.569683
12507 12514 - 12554 12561 : 0.547024
12585 12601 - 12574 12590 : 0.525243
12713 12721 - 12695 12703 : 0.503836
12794 12803 - 12788 12797 : 0.533968
12816 12829 - 12860 12873 : 0.617830
1296 1305 - 1268 1277 : 0.603968
13040 13049 - 13045 13054 : 0.536349
13131 13139 - 13113 13121 : 0.699339
13260 13270 - 13277 13287 : 0.527345
1334 1341 - 1373 1380 : 0.619940
13375 13385 - 13359 13369 : 0.575830
13461 13469 - 13471 13479 : 0.506746
13479 13488 - 13433 13442 : 0.519683
13594 13608 - 13563 13577 : 0.592356
13623 13631 - 13619 13627 : 0.593783
13759 13768 - 13735 13744 : 0.528968
13886 13895 - 13850 13859 : 0.567302
13912 13919 - 13897 13904 : 0.563690
14151 14158 - 14117 14124 : 0.515774
14211 14220 - 14239 14248 : 0.528016
14311 14318 - 14285 14292 : 0.759524
1437 1446 - 1439 1448 : 0.517302
14373 14384 - 14334 14345 : 0.503938
14493 14500 - 14469 14476 : 0.599107
14514 14521 - 14525 14532 : 0.588690
14630 14640 - 14627 14637 : 0.625938
14647 14655 - 14599 14607 : 0.540873
14703 14711 - 14657 14665 : 0.577910
14825 14834 - 14812 14821 : 0.550635
14854 14865 - 14862 14873 : 0.540711
14965 14972 - 14953 14960 : 0.522024
14979 14990 - 14998 15009 : 0.587933
15172 15181 - 15161 15170 : 0.628968
15231 15244 - 15234 15247 : 0.513779
15316 15327 - 15353 15364 : 0.548614
15387 15400 - 15430 15443 : 0.500514
15446 15455 - 15477 15486 : 0.595635
15461 15470 - 15491 15500 : 0.520516
15518 15526 - 15523 15531 : 0.556746
15535 15544 - 15545 15554 : 0.628968
15624 15636 - 15590 15602 : 0.513284
15703 15712 - 15700 15709 : 0.600635
15725 15735 - 15748 15758 : 0.512698
15746 15758 - 15790 15802 : 0.535262
15797 15804 - 15820 15827 : 0.522024
15996 16005 - 16006 16015 : 0.527063
16063 16073 - 16093 16103 : 0.535426
16128 16137 - 16131 16140 : 0.523849
16190 16198 - 16214 16222 : 0.577910
1636 1646 - 1593 1603 : 0.506241
16524 16533 - 16503 16512 : 0.550635
16576 16583 - 16555 16562 : 0.505357
16589 16597 - 16577 16585 : 0.540873
16652 16660 - 16605 16613 : 0.593783
16865 16879 - 16819 16833 : 0.569785
16883 16893 - 16881 16891 : 0.574423
16892 16901 - 16909 16918 : 0.595635
17021 17028 - 16973 16980 : 0.522024
17094 17103 - 17061 17070 : 0.527063
17109 17118 - 17076 17085 : 0.615516
17132 17142 - 17120 17130 : 0.500830
17154 17163 - 17152 17161 : 0.542302
17267 17274 - 17253 17260 : 0.522024
17277 17286 - 17301 17310 : 0.528968
17334 17344 - 17344 17354 : 0.545527
17353 17365 - 17322 17334 : 0.519877
17411 17418 - 17412 17419 : 0.557440
1745 1753 - 1783 1791 : 0.522354
17518 17526 - 17512 17520 : 0.686376
17749 17757 - 17784 17792 : 0.519709
17866 17875 - 17834 17843 : 0.553968
17881 17890 - 17868 17877 : 0.527063
18126 18135 - 18153 18162 : 0.553968
1818 1830 - 1807 1819 : 0.522625
18209 18222 - 18230 18243 : 0.526835
18296 18312 - 18337 18353 : 0.511051
18414 18424 - 18365 18375 : 0.537085
18414 18426 - 18390 18402 : 0.509127
18519 18528 - 18480 18489 : 0.577063
18571 18583 - 18586 18598 : 0.518595
18612 18620 - 18660 18668 : 0.662302
18660 18668 - 18647 18655 : 0.503836
18752 18760 - 18741 18749 : 0.538228
18800 18808 - 18759 18767 : 0.699339
18822 18831 - 18794 18803 : 0.603968
18860 18867 - 18899 18906 : 0.619940
18963 18972 - 18965 18974 : 0.517302
19162 19172 - 19119 19129 : 0.506241
1925 1938 - 1904 1917 : 0.500287
19271 19279 - 19309 19317 : 0.522354
19344 19356 - 19333 19345 : 0.522625
19451 19464 - 19430 19443 : 0.500287
19476 19489 - 19494 19507 : 0.503459
19491 19501 - 19458 19468 : 0.512302
1950 1963 - 1968 1981 : 0.503459
19612 19620 - 19585 19593 : 0.577910
19691 19703 - 19715 19727 : 0.531416
19757 19766 - 19800 19809 : 0.512183
19787 19802 - 19761 19776 : 0.515300
19849 19857 - 19888 19896 : 0.530556
19909 19917 - 19922 19930 : 0.506746
19941 19951 - 19949 19959 : 0.506782
20015 20024 - 19970 19979 : 0.553016
20113 20121 - 20113 20121 : 0.547487
20158 20171 - 20148 20161 : 0.590848
20259 20268 - 20280 20289 : 0.536349
20288 20297 - 20253 20262 : 0.528968
20305 20313 - 20263 20271 : 0.577910
20341 20350 - 20377 20386 : 0.545635
20481 20488 - 20525 20532 : 0.522024
20619 20627 - 20608 20616 : 0.630820
20652 20665 - 20655 20668 : 0.525568
20681 20691 - 20675 20685 : 0.512698
2086 2094 - 2059 2067 : 0.577910
20955 20964 - 20956 20965 : 0.527063
21139 21148 - 21121 21130 : 0.569683
21270 21277 - 21317 21324 : 0.547024
21348 21364 - 21337 21353 : 0.525243
21476 21484 - 21458 21466 : 0.503836
21557 21566 - 21551 21560 : 0.533968
21579 21592 - 21623 21636 : 0.617830
2165 2177 - 2189 2201 : 0.531416
21803 21812 - 21808 21817 : 0.536349
21894 21902 - 21876 21884 : 0.699339
22023 22033 - 22040 22050 : 0.527345
22138 22148 - 22122 22132 : 0.575830
22224 22232 - 22234 22242 : 0.506746
22242 22251 - 22196 22205 : 0.519683
223 231 - 258 266 : 0.519709
2231 2240 - 2274 2283 : 0.512183
22357 22371 - 22326 22340 : 0.592356
22386 22394 - 22382 22390 : 0.593783
22522 22531 - 22498 22507 : 0.528968
2261 2276 - 2235 2250 : 0.515300
22649 22658 - 22613 22622 : 0.567302
22675 22682 - 22660 22667 : 0.563690
22914 22921 - 22880 22887 : 0.515774
22974 22983 - 23002 23011 : 0.528016
23074 23081 - 23048 23055 : 0.759524
23136 23147 - 23097 23108 : 0.503938
2323 2331 - 2362 2370 : 0.530556
23256 23263 - 23232 23239 : 0.599107
23277 23284 - 23288 23295 : 0.588690
23393 23403 - 23390 23400 : 0.625938
23410 23418 - 23362 23370 : 0.540873
23466 23474 - 23420 23428 : 0.577910
23588 23597 - 23575 23584 : 0.550635
23617 23628 - 23625 23636 : 0.540711
23728 23735 - 23716 23723 : 0.522024
23742 23753 - 23761 23772 : 0.587933
2383 2391 - 2396 2404 : 0.506746
23935 23944 - 23924 23933 : 0.628968
23994 24007 - 23997 24010 : 0.513779
24079 24090 - 24116 24127 : 0.548614
2415 2425 - 2423 2433 : 0.506782
24150 24163 - 24193 24206 : 0.500514
24209 24218 - 24240 24249 : 0.595635
24224 24233 - 24254 24263 : 0.520516
24281 24289 - 24286 24294 : 0.556746
24298 24307 - 24308 24317 : 0.628968
24387 24399 - 24353 24365 : 0.513284
24466 24475 - 24463 24472 : 0.600635
24488 24498 - 24511 24521 : 0.512698
24509 24521 - 24553 24565 : 0.535262
24560 24567 - 24583 24590 : 0.522024
24759 24768 - 24769 24778 : 0.527063
24826 24836 - 24856 24866 : 0.535426
2489 2498 - 2444 2453 : 0.553016
24891 24900 - 24894 24903 : 0.523849
24953 24961 - 24977 24985 : 0.577910
25287 25296 - 25266 25275 : 0.550635
25339 25346 - 25318 25325 : 0.505357
25352 25360 - 25340 25348 : 0.540873
25415 25423 - 25368 25376 : 0.593783
25628 25642 - 25582 25596 : 0.569785
25646 25656 - 25644 25654 : 0.574423
25655 25664 - 25672 25681 : 0.595635
25784 25791 - 25736 25743 : 0.522024
25857 25866 - 25824 25833 : 0.527063
25872 25881 - 25839 25848 : 0.615516
25895 25905 - 25883 25893 : 0.500830
25917 25926 - 25915 25924 : 0.542302
26030 26037 - 26016 26023 : 0.522024
26040 26049 - 26064 26073 : 0.528968
26097 26107 - 26107 26117 : 0.545527
26116 26128 - 26085 26097 : 0.519877
26174 26181 - 26175 26182 : 0.557440
26281 26289 - 26275 26283 : 0.686376
2632 2645 - 2622 2635 : 0.590848
26512 26520 - 26547 26555 : 0.519709
26629 26638 - 26597 26606 : 0.553968
26644 26653 - 26631 26640 : 0.527063
26889 26898 - 26916 26925 : 0.553968
26972 26985 - 26993 27006 : 0.526835
27059 27075 - 27100 27116 : 0.511051
27177 27187 - 27128 27138 : 0.537085
27177 27189 - 27153 27165 : 0.509127
27282 27291 - 27243 27252 : 0.577063
2733 2742 - 2754 2763 : 0.536349
27334 27346 - 27349 27361 : 0.518595
27375 27383 - 27423 27431 : 0.662302
27423 27431 - 27410 27418 : 0.503836
27515 27523 - 27504 27512 : 0.538228
27563 27571 - 27522 27530 : 0.699339
27585 27594 - 27557 27566 : 0.603968
2762 2771 - 2727 2736 : 0.528968
27623 27630 - 27662 27669 : 0.619940
27726 27735 - 27728 27737 : 0.517302
2779 2787 - 2737 2745 : 0.577910
27925 27935 - 27882 27892 : 0.506241
28034 28042 - 28072 28080 : 0.522354
28107 28119 - 28096 28108 : 0.522625
2815 2824 - 2851 2860 : 0.545635
28214 28227 - 28193 28206 : 0.500287
28239 28252 - 28257 28270 : 0.503459
28254 28264 - 28221 28231 : 0.512302
28375 28383 - 28348 28356 : 0.577910
28454 28466 - 28478 28490 : 0.531416
28520 28529 - 28563 28572 : 0.512183
28550 28565 - 28524 28539 : 0.515300
28612 28620 - 28651 28659 : 0.530556
28672 28680 - 28685 28693 : 0.506746
28704 28714 - 28712 28722 : 0.506782
28778 28787 - 28733 28742 : 0.553016
28876 28884 - 28876 28884 : 0.547487
28921 28934 - 28911 28924 : 0.590848
29022 29031 - 29043 29052 : 0.536349
29051 29060 - 29016 29025 : 0.528968
29068 29076 - 29026 29034 : 0.577910
29104 29113 - 29140 29149 : 0.545635
29244 29251 - 29288 29295 : 0.522024
29382 29390 - 29371 29379 : 0.630820
29415 29428 - 29418 29431 : 0.525568
29444 29454 - 29438 29448 : 0.512698
2955 2962 - 2999 3006 : 0.522024
29718 29727 - 29719 29728 : 0.527063
29902 29911 - 29884 29893 : 0.569683
30033 30040 - 30080 30087 : 0.547024
30111 30127 - 30100 30116 : 0.525243
30239 30247 - 30221 30229 : 0.503836
30320 30329 - 30314 30323 : 0.533968
30342 30355 - 30386 30399 : 0.617830
30566 30575 - 30571 30580 : 0.536349
30657 30665 - 30639 30647 : 0.699339
30786 30796 - 30803 30813 : 0.527345
30901 30911 - 30885 30895 : 0.575830
3093 3101 - 3082 3090 : 0.630820
30987 30995 - 30997 31005 : 0.506746
31005 31014 - 30959 30968 : 0.519683
31120 31134 - 31089 31103 : 0.592356
31149 31157 - 31145 31153 : 0.593783
3126 3139 - 3129 3142 : 0.525568
31285 31294 - 31261 31270 : 0.528968
31412 31421 - 31376 31385 : 0.567302
31438 31445 - 31423 31430 : 0.563690
3155 3165 - 3149 3159 : 0.512698
31677 31684 - 31643 31650 : 0.515774
31737 31746 - 31765 31774 : 0.528016
31837 31844 - 31811 31818 : 0.759524
31899 31910 - 31860 31871 : 0.503938
32019 32026 - 31995 32002 : 0.599107
32040 32047 - 32051 32058 : 0.588690
32156 32166 - 32153 32163 : 0.625938
32173 32181 - 32125 32133 : 0.540873
32229 32237 - 32183 32191 : 0.577910
32351 32360 - 32338 32347 : 0.550635
32380 32391 - 32388 32399 : 0.540711
32491 32498 - 32479 32486 : 0.522024
32505 32516 - 32524 32535 : 0.587933
32698 32707 - 32687 32696 : 0.628968
32757 32770 - 32760 32773 : 0.513779
32842 32853 - 32879 32890 : 0.548614
32913 32926 - 32956 32969 : 0.500514
32972 32981 - 33003 33012 : 0.595635
32987 32996 - 33017 33026 : 0.520516
33044 33052 - 33049 33057 : 0.556746
33061 33070 - 33071 33080 : 0.628968
33150 33162 - 33116 33128 : 0.513284
33229 33238 - 33226 33235 : 0.600635
33251 33261 - 33274 33284 : 0.512698
33272 33284 - 33316 33328 : 0.535262
33323 33330 - 33346 33353 : 0.522024
33522 33531 - 33532 33541 : 0.527063
33589 33599 - 33619 33629 : 0.535426
33654 33663 - 33657 33666 : 0.523849
33716 33724 - 33740 33748 : 0.577910
340 349 - 308 317 : 0.553968
34050 34059 - 34029 34038 : 0.550635
34102 34109 - 34081 34088 : 0.505357
34115 34123 - 34103 34111 : 0.540873
34178 34186 - 34131 34139 : 0.593783
34391 34405 - 34345 34359 : 0.569785
34409 34419 - 34407 34417 : 0.574423
34418 34427 - 34435 34444 : 0.595635
34547 34554 - 34499 34506 : 0.522024
34620 34629 - 34587 34596 : 0.527063
34635 34644 - 34602 34611 : 0.615516
34658 34668 - 34646 34656 : 0.500830
34680 34689 - 34678 34687 : 0.542302
34793 34800 - 34779 34786 : 0.522024
34803 34812 - 34827 34836 : 0.528968
34860 34870 - 34870 34880 : 0.545527
34879 34891 - 34848 34860 : 0.519877
34937 34944 - 34938 34945 : 0.557440
35044 35052 - 35038 35046 : 0.686376
35275 35283 - 35310 35318 : 0.519709
35392 35401 - 35360 35369 : 0.553968
35407 35416 - 35394 35403 : 0.527063
355 364 - 342 351 : 0.527063
35652 35661 - 35679 35688 : 0.553968
35735 35748 - 35756 35769 : 0.526835
35822 35838 - 35863 35879 : 0.511051
35940 35950 - 35891 35901 : 0.537085
35940 35952 - 35916 35928 : 0.509127
36045 36054 - 36006 36015 : 0.577063
36097 36109 - 36112 36124 : 0.518595
3613 3622 - 3595 3604 : 0.569683
36138 36146 - 36186 36194 : 0.662302
36186 36194 - 36173 36181 : 0.503836
36278 36286 - 36267 36275 : 0.538228
36326 36334 - 36285 36293 : 0.699339
36348 36357 - 36320 36329 : 0.603968
36386 36393 - 36425 36432 : 0.619940
36489 36498 - 36491 36500 : 0.517302
36688 36698 - 36645 36655 : 0.506241
36797 36805 - 36835 36843 : 0.522354
36870 36882 - 36859 36871 : 0.522625
36977 36990 - 36956 36969 : 0.500287
37002 37015 - 37020 37033 : 0.503459
37017 37027 - 36984 36994 : 0.512302
37138 37146 - 37111 37119 : 0.577910
37217 37229 - 37241 37253 : 0.531416
37283 37292 - 37326 37335 : 0.512183
37313 37328 - 37287 37302 : 0.515300
37375 37383 - 37414 37422 : 0.530556
37435 37443 - 37448 37456 : 0.506746
3744 3751 - 3791 3798 : 0.547024
37467 37477 - 37475 37485 : 0.506782
37541 37550 - 37496 37505 : 0.553016
37639 37647 - 37639 37647 : 0.547487
37684 37697 - 37674 37687 : 0.590848
37785 37794 - 37806 37815 : 0.536349
37814 37823 - 37779 37788 : 0.528968
37831 37839 - 37789 37797 : 0.577910
37867 37876 - 37903 37912 : 0.545635
38007 38014 - 38051 38058 : 0.522024
38145 38153 - 38134 38142 : 0.630820
38178 38191 - 38181 38194 : 0.525568
38207 38217 - 38201 38211 : 0.512698
38481 38490 - 38482 38491 : 0.527063
38665 38674 - 38647 38656 : 0.569683
38796 38803 - 38843 38850 : 0.547024
38874 38890 - 38863 38879 : 0.525243
39002 39010 - 38984 38992 : 0.503836
39083 39092 - 39077 39086 : 0.533968
39105 39118 - 39149 39162 : 0.617830
39329 39338 - 39334 39343 : 0.536349
39420 39428 - 39402 39410 : 0.699339
3950 3958 - 3932 3940 : 0.503836
39549 39559 - 39566 39576 : 0.527345
39664 39674 - 39648 39658 : 0.575830
39750 39758 - 39760 39768 : 0.506746
39768 39777 - 39722 39731 : 0.519683
39883 39897 - 39852 39866 : 0.592356
39912 39920 - 39908 39916 : 0.593783
40048 40057 - 40024 40033 : 0.528968
40175 40184 - 40139 40148 : 0.567302
40201 40208 - 40186 40193 : 0.563690
4031 4040 - 4025 4034 : 0.533968
40440 40447 - 40406 40413 : 0.515774
40500 40509 - 40528 40537 : 0.528016
4053 4066 - 4097 4110 : 0.617830
40600 40607 - 40574 40581 : 0.759524
40662 40673 - 40623 40634 : 0.503938
40782 40789 - 40758 40765 : 0.599107
40803 40810 - 40814 40821 : 0.588690
40919 40929 - 40916 40926 : 0.625938
40936 40944 - 40888 40896 : 0.540873
40992 41000 - 40946 40954 : 0.577910
41114 41123 - 41101 41110 : 0.550635
41143 41154 - 41151 41162 : 0.540711
41254 41261 - 41242 41249 : 0.522024
41268 41279 - 41287 41298 : 0.587933
41461 41470 - 41450 41459 : 0.628968
41520 41533 - 41523 41536 : 0.513779
41605 41616 - 41642 41653 : 0.548614
41676 41689 - 41719 41732 : 0.500514
41735 41744 - 41766 41775 : 0.595635
41750 41759 - 41780 41789 : 0.520516
41807 41815 - 41812 41820 : 0.556746
41824 41833 - 41834 41843 : 0.628968
41913 41925 - 41879 41891 : 0.513284
41992 42001 - 41989 41998 : 0.600635
42014 42024 - 42037 42047 : 0.512698
42035 42047 - 42079 42091 : 0.535262
42086 42093 - 42109 42116 : 0.522024
42285 42294 - 42295 42304 : 0.527063
42352 42362 - 42382 42392 : 0.535426
42417 42426 - 42420 42429 : 0.523849
42479 42487 - 42503 42511 : 0.577910
42813 42822 - 42792 42801 : 0.550635
42865 42872 - 42844 42851 : 0.505357
42878 42886 - 42866 42874 : 0.540873
42941 42949 - 42894 42902 : 0.593783
43154 43168 - 43108 43122 : 0.569785
43172 43182 - 43170 43180 : 0.574423
43181 43190 - 43198 43207 : 0.595635
43310 43317 - 43262 43269 : 0.522024
43383 43392 - 43350 43359 : 0.527063
43398 43407 - 43365 43374 : 0.615516
43421 43431 - 43409 43419 : 0.500830
43443 43452 - 43441 43450 : 0.542302
43556 43563 - 43542 43549 : 0.522024
43566 43575 - 43590 43599 : 0.528968
43623 43633 - 43633 43643 : 0.545527
43642 43654 - 43611 43623 : 0.519877
4368 4376 - 4350 4358 : 0.699339
43700 43707 - 43701 43708 : 0.557440
43807 43815 - 43801 43809 : 0.686376
44038 44046 - 44073 44081 : 0.519709
44155 44164 - 44123 44132 : 0.553968
44170 44179 - 44157 44166 : 0.527063
44415 44424 - 44442 44451 : 0.553968
44498 44511 - 44519 44532 : 0.526835
44585 44601 - 44626 44642 : 0.511051
44703 44713 - 44654 44664 : 0.537085
44703 44715 - 44679 44691 : 0.509127
44808 44817 - 44769 44778 : 0.577063
44860 44872 - 44875 44887 : 0.518595
44901 44909 - 44949 44957 : 0.662302
44949 44957 - 44936 44944 : 0.503836
45041 45049 - 45030 45038 : 0.538228
45089 45097 - 45048 45056 : 0.699339
45111 45120 - 45083 45092 : 0.603968
45149 45156 - 45188 45195 : 0.619940
45252 45261 - 45254 45263 : 0.517302
45451 45461 - 45408 45418 : 0.506241
45560 45568 - 45598 45606 : 0.522354
45633 45645 - 45622 45634 : 0.522625
45740 45753 - 45719 45732 : 0.500287
45765 45778 - 45783 45796 : 0.503459
45780 45790 - 45747 45757 : 0.512302
45901 45909 - 45874 45882 : 0.577910
45980 45992 - 46004 46016 : 0.531416
46046 46055 - 46089 46098 : 0.512183
46076 46091 - 46050 46065 : 0.515300
4612 4622 - 4596 4606 : 0.575830
46138 46146 - 46177 46185 : 0.530556
46198 46206 - 46211 46219 : 0.506746
46230 46240 - 46238 46248 : 0.506782
46304 46313 - 46259 46268 : 0.553016
46402 46410 - 46402 46410 : 0.547487
46447 46460 - 46437 46450 : 0.590848
46548 46557 - 46569 46578 : 0.536349
46577 46586 - 46542 46551 : 0.528968
46594 46602 - 46552 46560 : 0.577910
46630 46639 - 46666 46675 : 0.545635
46770 46777 - 46814 46821 : 0.522024
46908 46916 - 46897 46905 : 0.630820
46941 46954 - 46944 46957 : 0.525568
46970 46980 - 46964 46974 : 0.512698
4698 4706 - 4708 4716 : 0.506746
4716 4725 - 4670 4679 : 0.519683
47244 47253 - 47245 47254 : 0.527063
47428 47437 - 47410 47419 : 0.569683
47559 47566 - 47606 47613 : 0.547024
47637 47653 - 47626 47642 : 0.525243
47765 47773 - 47747 47755 : 0.503836
47846 47855 - 47840 47849 : 0.533968
47868 47881 - 47912 47925 : 0.617830
48092 48101 - 48097 48106 : 0.536349
48183 48191 - 48165 48173 : 0.699339
4831 4845 - 4800 4814 : 0.592356
48350 48361 - 48319 48330 : 0.525433
48427 48437 - 48411 48421 : 0.575830
48513 48521 - 48523 48531 : 0.506746
48531 48540 - 48485 48494 : 0.519683
4860 4868 - 4856 4864 : 0.593783
48646 48660 - 48615 48629 : 0.592356
48675 48683 - 48671 48679 : 0.593783
48811 48820 - 48787 48796 : 0.528968
48938 48947 - 48902 48911 : 0.567302
48964 48971 - 48949 48956 : 0.563690
49203 49210 - 49169 49176 : 0.515774
49263 49272 - 49291 49300 : 0.528016
49363 49370 - 49337 49344 : 0.759524
49425 49436 - 49386 49397 : 0.503938
49545 49552 - 49521 49528 : 0.599107
49566 49573 - 49577 49584 : 0.588690
49682 49692 - 49679 49689 : 0.625938
49699 49707 - 49651 49659 : 0.540873
49755 49763 - 49709 49717 : 0.577910
49877 49886 - 49864 49873 : 0.550635
49906 49917 - 49914 49925 : 0.540711
4996 5005 - 4972 4981 : 0.528968
50017 50024 - 50005 50012 : 0.522024
50031 50042 - 50050 50061 : 0.587933
50224 50233 - 50213 50222 : 0.628968
50283 50296 - 50286 50299 : 0.513779
50368 50379 - 50405 50416 : 0.548614
50439 50452 - 50482 50495 : 0.500514
50498 50507 - 50529 50538 : 0.595635
50513 50522 - 50543 50552 : 0.520516
50570 50578 - 50575 50583 : 0.556746
50587 50596 - 50597 50606 : 0.628968
50676 50688 - 50642 50654 : 0.513284
50755 50764 - 50752 50761 : 0.600635
50777 50787 - 50800 50810 : 0.512698
50798 50810 - 50842 50854 : 0.535262
50849 50856 - 50872 50879 : 0.522024
51048 51057 - 51058 51067 : 0.527063
51115 51125 - 51145 51155 : 0.535426
51180 51189 - 51183 51192 : 0.523849
5123 5132 - 5087 5096 : 0.567302
51242 51250 - 51266 51274 : 0.577910
5149 5156 - 5134 5141 : 0.563690
51576 51585 - 51555 51564 : 0.550635
51628 51635 - 51607 51614 : 0.505357
51641 51649 - 51629 51637 : 0.540873
51704 51712 - 51657 51665 : 0.593783
51917 51931 - 51871 51885 : 0.569785
51935 51945 - 51933 51943 : 0.574423
51944 51953 - 51961 51970 : 0.595635
52073 52080 - 52025 52032 : 0.522024
52146 52155 - 52113 52122 : 0.527063
52161 52170 - 52128 52137 : 0.615516
52184 52194 - 52172 52182 : 0.500830
52206 52215 - 52204 52213 : 0.542302
52319 52326 - 52305 52312 : 0.522024
52329 52338 - 52353 52362 : 0.528968
52386 52396 - 52396 52406 : 0.545527
52405 52417 - 52374 52386 : 0.519877
52463 52470 - 52464 52471 : 0.557440
52570 52578 - 52564 52572 : 0.686376
52801 52809 - 52836 52844 : 0.519709
52918 52927 - 52886 52895 : 0.553968
52933 52942 - 52920 52929 : 0.527063
53178 53187 - 53205 53214 : 0.553968
53261 53274 - 53282 53295 : 0.526835
53348 53364 - 53389 53405 : 0.511051
53466 53476 - 53417 53427 : 0.537085
53466 53478 - 53442 53454 : 0.509127
53571 53580 - 53532 53541 : 0.577063
53623 53635 - 53638 53650 : 0.518595
53664 53672 - 53712 53720 : 0.662302
53712 53720 - 53699 53707 : 0.503836
53804 53812 - 53793 53801 : 0.538228
53852 53860 - 53811 53819 : 0.699339
53874 53883 - 53846 53855 : 0.603968
5388 5395 - 5354 5361 : 0.515774
53912 53919 - 53951 53958 : 0.619940
54015 54024 - 54017 54026 : 0.517302
54214 54224 - 54171 54181 : 0.506241
54323 54331 - 54361 54369 : 0.522354
54396 54408 - 54385 54397 : 0.522625
5448 5457 - 5476 5485 : 0.528016
54503 54516 - 54482 54495 : 0.500287
54528 54541 - 54546 54559 : 0.503459
54543 54553 - 54510 54520 : 0.512302
54664 54672 - 54637 54645 : 0.577910
54743 54755 - 54767 54779 : 0.531416
54809 54818 - 54852 54861 : 0.512183
54839 54854 - 54813 54828 : 0.515300
54901 54909 - 54940 54948 : 0.530556
54961 54969 - 54974 54982 : 0.506746
54993 55003 - 55001 55011 : 0.506782
55067 55076 - 55022 55031 : 0.553016
55165 55173 - 55165 55173 : 0.547487
55210 55223 - 55200 55213 : 0.590848
55311 55320 - 55332 55341 : 0.536349
55340 55349 - 55305 55314 : 0.528968
55357 55365 - 55315 55323 : 0.577910
55393 55402 - 55429 55438 : 0.545635
55533 55540 - 55577 55584 : 0.522024
55671 55679 - 55660 55668 : 0.630820
55704 55717 - 55707 55720 : 0.525568
55733 55743 - 55727 55737 : 0.512698
56007 56016 - 56008 56017 : 0.527063
5610 5621 - 5571 5582 : 0.503938
56191 56200 - 56173 56182 : 0.569683
56322 56329 - 56369 56376 : 0.547024
56400 56416 - 56389 56405 : 0.525243
56528 56536 - 56510 56518 : 0.503836
56609 56618 - 56603 56612 : 0.533968
56631 56644 - 56675 56688 : 0.617830
56855 56864 - 56860 56869 : 0.536349
56946 56954 - 56928 56936 : 0.699339
57075 57085 - 57092 57102 : 0.527345
57190 57200 - 57174 57184 : 0.575830
57276 57284 - 57286 57294 : 0.506746
57294 57303 - 57248 57257 : 0.519683
5730 5737 - 5706 5713 : 0.599107
57409 57423 - 57378 57392 : 0.592356
57438 57446 - 57434 57442 : 0.593783
5751 5758 - 5762 5769 : 0.588690
57574 57583 - 57550 57559 : 0.528968
57701 57710 - 57665 57674 : 0.567302
57727 57734 - 57712 57719 : 0.563690
57966 57973 - 57932 57939 : 0.515774
58026 58035 - 58054 58063 : 0.528016
58126 58133 - 58100 58107 : 0.759524
58188 58199 - 58149 58160 : 0.503938
58308 58315 - 58284 58291 : 0.599107
58329 58336 - 58340 58347 : 0.588690
58445 58455 - 58442 58452 : 0.625938
58462 58470 - 58414 58422 : 0.540873
58518 58526 - 58472 58480 : 0.577910
58640 58649 - 58627 58636 : 0.550635
58669 58680 - 58677 58688 : 0.540711
5867 5877 - 5864 5874 : 0.625938
58780 58787 - 58768 58775 : 0.522024
58794 58805 - 58813 58824 : 0.587933
5884 5892 - 5836 5844 : 0.540873
58987 58996 - 58976 58985 : 0.628968
59046 59059 - 59049 59062 : 0.513779
59131 59142 - 59168 59179 : 0.548614
59202 59215 - 59245 59258 : 0.500514
59261 59270 - 59292 59301 : 0.595635
59276 59285 - 59306 59315 : 0.520516
59333 59341 - 59338 59346 : 0.556746
59350 59359 - 59360 59369 : 0.628968
59439 59451 - 59405 59417 : 0.513284
59518 59527 - 59515 59524 : 0.600635
59540 59550 - 59563 59573 : 0.512698
59561 59573 - 59605 59617 : 0.535262
59612 59619 - 59635 59642 : 0.522024
59811 59820 - 59821 59830 : 0.527063
59878 59888 - 59908 59918 : 0.535426
59943 59952 - 59946 59955 : 0.523849
60005 60013 - 60029 60037 : 0.577910
60339 60348 - 60318 60327 : 0.550635
60391 60398 - 60370 60377 : 0.505357
60404 60412 - 60392 60400 : 0.540873
60467 60475 - 60420 60428 : 0.593783
6062 6071 - 6049 6058 : 0.550635
60680 60694 - 60634 60648 : 0.569785
60698 60708 - 60696 60706 : 0.574423
60707 60716 - 60724 60733 : 0.595635
60836 60843 - 60788 60795 : 0.522024
60909 60918 - 60876 60885 : 0.527063
6091 6102 - 6099 6110 : 0.540711
60924 60933 - 60891 60900 : 0.615516
60947 60957 - 60935 60945 : 0.500830
60969 60978 - 60967 60976 : 0.542302
61082 61089 - 61068 61075 : 0.522024
61092 61101 - 61116 61125 : 0.528968
61149 61159 - 61159 61169 : 0.545527
61168 61180 - 61137 61149 : 0.519877
61226 61233 - 61227 61234 : 0.557440
61333 61341 - 61327 61335 : 0.686376
61564 61572 - 61599 61607 : 0.519709
61681 61690 - 61649 61658 : 0.553968
61696 61705 - 61683 61692 : 0.527063
61941 61950 - 61968 61977 : 0.553968
6202 6209 - 6190 6197 : 0.522024
62024 62037 - 62045 62058 : 0.526835
62111 62127 - 62152 62168 : 0.511051
6216 6227 - 6235 6246 : 0.587933
62229 62239 - 62180 62190 : 0.537085
62229 62241 - 62205 62217 : 0.509127
62334 62343 - 62295 62304 : 0.577063
62386 62398 - 62401 62413 : 0.518595
62427 62435 - 62475 62483 : 0.662302
62475 62483 - 62462 62470 : 0.503836
62567 62575 - 62556 62564 : 0.538228
62637 62646 - 62609 62618 : 0.603968
62675 62682 - 62714 62721 : 0.619940
62778 62787 - 62780 62789 : 0.517302
62977 62987 - 62934 62944 : 0.506241
63086 63094 - 63124 63132 : 0.522354
63159 63171 - 63148 63160 : 0.522625
63266 63279 - 63245 63258 : 0.500287
63291 63304 - 63309 63322 : 0.503459
63306 63316 - 63273 63283 : 0.512302
63427 63435 - 63400 63408 : 0.577910
63506 63518 - 63530 63542 : 0.531416
63572 63581 - 63615 63624 : 0.512183
63602 63617 - 63576 63591 : 0.515300
63664 63672 - 63703 63711 : 0.530556
63724 63732 - 63737 63745 : 0.506746
63756 63766 - 63764 63774 : 0.506782
63830 63839 - 63785 63794 : 0.553016
63928 63936 - 63928 63936 : 0.547487
63973 63986 - 63963 63976 : 0.590848
64074 64083 - 64095 64104 : 0.536349
6409 6418 - 6398 6407 : 0.628968
64103 64112 - 64068 64077 : 0.528968
64120 64128 - 64078 64086 : 0.577910
64156 64165 - 64192 64201 : 0.545635
64296 64303 - 64340 64347 : 0.522024
64434 64442 - 64423 64431 : 0.630820
64467 64480 - 64470 64483 : 0.525568
64496 64506 - 64490 64500 : 0.512698
6468 6481 - 6471 6484 : 0.513779
64770 64779 - 64771 64780 : 0.527063
64954 64963 - 64936 64945 : 0.569683
65085 65092 - 65132 65139 : 0.547024
65163 65179 - 65152 65168 : 0.525243
65291 65299 - 65273 65281 : 0.503836
65372 65381 - 65366 65375 : 0.533968
65394 65407 - 65438 65451 : 0.617830
6553 6564 - 6590 6601 : 0.548614
65618 65627 - 65623 65632 : 0.536349
65709 65717 - 65691 65699 : 0.699339
65838 65848 - 65855 65865 : 0.527345
65953 65963 - 65937 65947 : 0.575830
66039 66047 - 66049 66057 : 0.506746
66057 66066 - 66011 66020 : 0.519683
66172 66186 - 66141 66155 : 0.592356
66201 66209 - 66197 66205 : 0.593783
6624 6637 - 6667 6680 : 0.500514
66337 66346 - 66313 66322 : 0.528968
66464 66473 - 66428 66437 : 0.567302
66490 66497 - 66475 66482 : 0.563690
66729 66736 - 66695 66702 : 0.515774
66789 66798 - 66817 66826 : 0.528016
6683 6692 - 6714 6723 : 0.595635
66889 66896 - 66863 66870 : 0.759524
66951 66962 - 66912 66923 : 0.503938
6698 6707 - 6728 6737 : 0.520516
67071 67078 - 67047 67054 : 0.599107
67092 67099 - 67103 67110 : 0.588690
67208 67218 - 67205 67215 : 0.625938
67225 67233 - 67177 67185 : 0.540873
67281 67289 - 67235 67243 : 0.577910
67403 67412 - 67390 67399 : 0.550635
67432 67443 - 67440 67451 : 0.540711
67543 67550 - 67531 67538 : 0.522024
6755 6763 - 6760 6768 : 0.556746
67557 67568 - 67576 67587 : 0.587933
6772 6781 - 6782 6791 : 0.628968
67750 67759 - 67739 67748 : 0.628968
67809 67822 - 67812 67825 : 0.513779
67894 67905 - 67931 67942 : 0.548614
67965 67978 - 68008 68021 : 0.500514
68024 68033 - 68055 68064 : 0.595635
68039 68048 - 68069 68078 : 0.520516
68096 68104 - 68101 68109 : 0.556746
68113 68122 - 68123 68132 : 0.628968
68202 68214 - 68168 68180 : 0.513284
68281 68290 - 68278 68287 : 0.600635
683 696 - 704 717 : 0.526835
68303 68313 - 68326 68336 : 0.512698
68324 68336 - 68368 68380 : 0.535262
68375 68382 - 68398 68405 : 0.522024
68574 68583 - 68584 68593 : 0.527063
6861 6873 - 6827 6839 : 0.513284
68641 68651 - 68671 68681 : 0.535426
68706 68715 - 68709 68718 : 0.523849
68768 68776 - 68792 68800 : 0.577910
69102 69111 - 69081 69090 : 0.550635
69154 69161 - 69133 69140 : 0.505357
69167 69175 - 69155 69163 : 0.540873
69230 69238 - 69183 69191 : 0.593783
6940 6949 - 6937 6946 : 0.600635
69443 69457 - 69397 69411 : 0.569785
69461 69471 - 69459 69469 : 0.574423
69470 69479 - 69487 69496 : 0.595635
69599 69606 - 69551 69558 : 0.522024
6962 6972 - 6985 6995 : 0.512698
69672 69681 - 69639 69648 : 0.527063
69687 69696 - 69654 69663 : 0.615516
69710 69720 - 69698 69708 : 0.500830
69732 69741 - 69730 69739 : 0.542302
6983 6995 - 7027 7039 : 0.535262
69845 69852 - 69831 69838 : 0.522024
7034 7041 - 7057 7064 : 0.522024
7233 7242 - 7243 7252 : 0.527063
7300 7310 - 7330 7340 : 0.535426
7365 7374 - 7368 7377 : 0.523849
7427 7435 - 7451 7459 : 0.577910
770 786 - 811 827 : 0.511051
7761 7770 - 7740 7749 : 0.550635
7813 7820 - 7792 7799 : 0.505357
7826 7834 - 7814 7822 : 0.540873
7889 7897 - 7842 7850 : 0.593783
8102 8116 - 8056 8070 : 0.569785
8120 8130 - 8118 8128 : 0.574423
8129 8138 - 8146 8155 : 0.595635
8258 8265 - 8210 8217 : 0.522024
8331 8340 - 8298 8307 : 0.527063
8346 8355 - 8313 8322 : 0.615516
8369 8379 - 8357 8367 : 0.500830
8391 8400 - 8389 8398 : 0.542302
8504 8511 - 8490 8497 : 0.522024
8514 8523 - 8538 8547 : 0.528968
8571 8581 - 8581 8591 : 0.545527
8590 8602 - 8559 8571 : 0.519877
8648 8655 - 8649 8656 : 0.557440
8755 8763 - 8749 8757 : 0.686376
888 900 - 864 876 : 0.509127
8986 8994 - 9021 9029 : 0.519709
9103 9112 - 9071 9080 : 0.553968
9118 9127 - 9105 9114 : 0.527063
9363 9372 - 9390 9399 : 0.553968
9446 9459 - 9467 9480 : 0.526835
9533 9549 - 9574 9590 : 0.511051
9651 9661 - 9602 9612 : 0.537085
9651 9663 - 9627 9639 : 0.509127
9756 9765 - 9717 9726 : 0.577063
9808 9820 - 9823 9835 : 0.518595
9849 9857 - 9897 9905 : 0.662302
9897 9905 - 9884 9892 : 0.503836
993 1002 - 954 963 : 0.577063
