10059 10068 - 10031 10040 : 0.603968
10097 10104 - 10136 10143 : 0.619940
10200 10209 - 10202 10211 : 0.578968
10399 10409 - 10356 10366 : 0.506241
10581 10593 - 10570 10582 : 0.522625
10714 10726 - 10732 10744 : 0.545671
10849 10857 - 10822 10830 : 0.577910
1086 1094 - 1134 1142 : 0.662302
10928 10940 - 10952 10964 : 0.531416
10994 11003 - 11037 11046 : 0.512183
11024 11039 - 10998 11013 : 0.527232
11086 11094 - 11125 11133 : 0.530556
11146 11154 - 11159 11167 : 0.506746
11178 11188 - 11186 11196 : 0.506782
11252 11261 - 11207 11216 : 0.553016
11274 11284 - 11263 11273 : 0.542605
1134 1142 - 1121 1129 : 0.503836
11395 11408 - 11385 11398 : 0.590848
11496 11505 - 11517 11526 : 0.536349
11525 11534 - 11490 11499 : 0.528968
11542 11550 - 11500 11508 : 0.577910
11718 11725 - 11762 11769 : 0.522024
11856 11864 - 11845 11853 : 0.630820
11889 11902 - 11892 11905 : 0.525568
11914 11922 - 11878 11886 : 0.503836
12098 12107 - 12110 12119 : 0.528968
12192 12201 - 12193 12202 : 0.527063
12376 12385 - 12358 12367 : 0.569683
12507 12514 - 12554 12561 : 0.547024
12585 12601 - 12574 12590 : 0.525243
12713 12721 - 12695 12703 : 0.503836
12794 12803 - 12788 12797 : 0.533968
12816 12829 - 12860 12873 : 0.617830
12935 12944 - 12897 12906 : 0.502063
1296 1305 - 1268 1277 : 0.603968
13040 13049 - 13045 13054 : 0.536349
13131 13139 - 13113 13121 : 0.699339
13227 13238 - 13276 13287 : 0.575797
13260 13270 - 13277 13287 : 0.527345
1334 1341 - 1373 1380 : 0.619940
13375 13385 - 13359 13369 : 0.575830
13461 13469 - 13471 13479 : 0.506746
13479 13488 - 13433 13442 : 0.519683
13594 13608 - 13563 13577 : 0.592356
13623 13631 - 13619 13627 : 0.634524
13759 13768 - 13735 13744 : 0.528968
13912 13919 - 13897 13904 : 0.563690
14151 14158 - 14117 14124 : 0.515774
14211 14220 - 14239 14248 : 0.528016
14311 14318 - 14285 14292 : 0.759524
1437 1446 - 1439 1448 : 0.578968
14373 14384 - 14334 14345 : 0.503938
14493 14500 - 14469 14476 : 0.599107
14514 14521 - 14525 14532 : 0.588690
14566 14574 - 14590 14598 : 0.509392
14630 14640 - 14627 14637 : 0.595635
14647 14655 - 14599 14607 : 0.540873
14703 14711 - 14657 14665 : 0.577910
14825 14834 - 14812 14821 : 0.550635
14854 14865 - 14862 14873 : 0.540711
14965 14972 - 14953 14960 : 0.522024
14979 14990 - 14998 15009 : 0.587933
15063 15070 - 15074 15081 : 0.515774
15172 15181 - 15161 15170 : 0.628968
15231 15244 - 15234 15247 : 0.513779
15316 15327 - 15353 15364 : 0.548614
15387 15400 - 15430 15443 : 0.500514
15446 15455 - 15477 15486 : 0.595635
15461 15470 - 15491 15500 : 0.520516
15518 15526 - 15523 15531 : 0.556746
15535 15544 - 15545 15554 : 0.628968
15624 15636 - 15590 15602 : 0.513284
15703 15712 - 15700 15709 : 0.505635
15725 15735 - 15748 15758 : 0.512698
15746 15758 - 15790 15802 : 0.535262
15914 15927 - 15905 15918 : 0.509045
15996 16005 - 16006 16015 : 0.527063
16063 16073 - 16093 16103 : 0.565729
16128 16137 - 16131 16140 : 0.523849
16190 16198 - 16214 16222 : 0.577910
16215 16222 - 16199 16206 : 0.599107
163 172 - 190 199 : 0.545635
1636 1646 - 1593 1603 : 0.506241
16552 16562 - 16504 16514 : 0.521789
16589 16597 - 16577 16585 : 0.540873
16652 16660 - 16605 16613 : 0.593783
16865 16879 - 16819 16833 : 0.569785
16883 16893 - 16881 16891 : 0.604726
16892 16901 - 16909 16918 : 0.595635
17021 17028 - 16973 16980 : 0.522024
17094 17103 - 17061 17070 : 0.527063
17125 17133 - 17091 17099 : 0.577910
17154 17163 - 17152 17161 : 0.542302
17267 17274 - 17253 17260 : 0.522024
17277 17286 - 17301 17310 : 0.528968
17334 17344 - 17344 17354 : 0.545527
17353 17365 - 17322 17334 : 0.519877
17411 17418 - 17412 17419 : 0.557440
17518 17526 - 17512 17520 : 0.686376
17689 17698 - 17716 17725 : 0.545635
17734 17744 - 17741 17751 : 0.565332
17749 17757 - 17784 17792 : 0.519709
17866 17874 - 17834 17842 : 0.560450
17881 17890 - 17868 17877 : 0.527063
18126 18135 - 18153 18162 : 0.553968
18149 18157 - 18122 18130 : 0.543783
1818 1830 - 1807 1819 : 0.522625
18209 18222 - 18230 18243 : 0.526835
18240 18250 - 18280 18290 : 0.565332
18296 18312 - 18337 18353 : 0.511051
18414 18424 - 18365 18375 : 0.537085
18414 18426 - 18390 18402 : 0.509127
18519 18528 - 18480 18489 : 0.577063
18573 18584 - 18588 18599 : 0.505889
18612 18620 - 18660 18668 : 0.662302
18660 18668 - 18647 18655 : 0.503836
18752 18760 - 18741 18749 : 0.538228
18800 18808 - 18759 18767 : 0.699339
18822 18831 - 18794 18803 : 0.603968
18860 18867 - 18899 18906 : 0.619940
18963 18972 - 18965 18974 : 0.578968
19162 19172 - 19119 19129 : 0.506241
19344 19356 - 19333 19345 : 0.522625
19477 19489 - 19495 19507 : 0.545671
1951 1963 - 1969 1981 : 0.545671
19612 19620 - 19585 19593 : 0.577910
19691 19703 - 19715 19727 : 0.531416
19757 19766 - 19800 19809 : 0.512183
19787 19802 - 19761 19776 : 0.527232
19849 19857 - 19888 19896 : 0.530556
19909 19917 - 19922 19930 : 0.506746
19941 19951 - 19949 19959 : 0.506782
20015 20024 - 19970 19979 : 0.553016
20037 20047 - 20026 20036 : 0.542605
20113 20121 - 20113 20121 : 0.547487
20158 20171 - 20148 20161 : 0.590848
20259 20268 - 20280 20289 : 0.536349
20288 20297 - 20253 20262 : 0.528968
20305 20313 - 20263 20271 : 0.577910
20481 20488 - 20525 20532 : 0.522024
20619 20627 - 20608 20616 : 0.630820
20652 20665 - 20655 20668 : 0.525568
20677 20685 - 20641 20649 : 0.503836
208 218 - 215 225 : 0.565332
2086 2094 - 2059 2067 : 0.577910
20861 20870 - 20873 20882 : 0.528968
20955 20964 - 20956 20965 : 0.527063
21139 21148 - 21121 21130 : 0.569683
21229 21237 - 21213 21221 : 0.527910
21270 21277 - 21317 21324 : 0.547024
21348 21364 - 21337 21353 : 0.525243
21476 21484 - 21458 21466 : 0.503836
21557 21566 - 21551 21560 : 0.533968
21579 21592 - 21623 21636 : 0.617830
2165 2177 - 2189 2201 : 0.531416
21698 21707 - 21660 21669 : 0.502063
21803 21812 - 21808 21817 : 0.536349
21894 21902 - 21876 21884 : 0.699339
21990 22001 - 22039 22050 : 0.575797
22023 22033 - 22040 22050 : 0.527345
22138 22148 - 22122 22132 : 0.575830
22224 22232 - 22234 22242 : 0.506746
22242 22251 - 22196 22205 : 0.519683
223 231 - 258 266 : 0.519709
2231 2240 - 2274 2283 : 0.512183
22357 22371 - 22326 22340 : 0.592356
22386 22394 - 22382 22390 : 0.634524
22522 22531 - 22498 22507 : 0.528968
2261 2276 - 2235 2250 : 0.527232
22675 22682 - 22660 22667 : 0.563690
22914 22921 - 22880 22887 : 0.515774
22974 22983 - 23002 23011 : 0.528016
23074 23081 - 23048 23055 : 0.759524
23136 23147 - 23097 23108 : 0.503938
2323 2331 - 2362 2370 : 0.530556
23256 23263 - 23232 23239 : 0.599107
23277 23284 - 23288 23295 : 0.588690
23329 23337 - 23353 23361 : 0.509392
23393 23403 - 23390 23400 : 0.595635
23410 23418 - 23362 23370 : 0.540873
23466 23474 - 23420 23428 : 0.577910
23588 23597 - 23575 23584 : 0.550635
23617 23628 - 23625 23636 : 0.540711
23728 23735 - 23716 23723 : 0.522024
23742 23753 - 23761 23772 : 0.587933
23826 23833 - 23837 23844 : 0.515774
2383 2391 - 2396 2404 : 0.506746
23935 23944 - 23924 23933 : 0.628968
23994 24007 - 23997 24010 : 0.513779
24079 24090 - 24116 24127 : 0.548614
2415 2425 - 2423 2433 : 0.506782
24150 24163 - 24193 24206 : 0.500514
24209 24218 - 24240 24249 : 0.595635
24224 24233 - 24254 24263 : 0.520516
24281 24289 - 24286 24294 : 0.556746
24298 24307 - 24308 24317 : 0.628968
24387 24399 - 24353 24365 : 0.513284
24466 24475 - 24463 24472 : 0.505635
24488 24498 - 24511 24521 : 0.512698
24509 24521 - 24553 24565 : 0.535262
24677 24690 - 24668 24681 : 0.509045
24759 24768 - 24769 24778 : 0.527063
24826 24836 - 24856 24866 : 0.565729
2489 2498 - 2444 2453 : 0.553016
24891 24900 - 24894 24903 : 0.523849
24953 24961 - 24977 24985 : 0.577910
24978 24985 - 24962 24969 : 0.599107
2511 2521 - 2500 2510 : 0.542605
25315 25325 - 25267 25277 : 0.521789
25352 25360 - 25340 25348 : 0.540873
25415 25423 - 25368 25376 : 0.593783
25628 25642 - 25582 25596 : 0.569785
25646 25656 - 25644 25654 : 0.604726
25655 25664 - 25672 25681 : 0.595635
25784 25791 - 25736 25743 : 0.522024
25857 25866 - 25824 25833 : 0.527063
25888 25896 - 25854 25862 : 0.577910
25917 25926 - 25915 25924 : 0.542302
26030 26037 - 26016 26023 : 0.522024
26040 26049 - 26064 26073 : 0.528968
26097 26107 - 26107 26117 : 0.545527
26116 26128 - 26085 26097 : 0.519877
26174 26181 - 26175 26182 : 0.557440
26281 26289 - 26275 26283 : 0.686376
2632 2645 - 2622 2635 : 0.590848
26452 26461 - 26479 26488 : 0.545635
26497 26507 - 26504 26514 : 0.565332
26512 26520 - 26547 26555 : 0.519709
26629 26637 - 26597 26605 : 0.560450
26644 26653 - 26631 26640 : 0.527063
26889 26898 - 26916 26925 : 0.553968
26912 26920 - 26885 26893 : 0.543783
26972 26985 - 26993 27006 : 0.526835
27003 27013 - 27043 27053 : 0.565332
27059 27075 - 27100 27116 : 0.511051
27177 27187 - 27128 27138 : 0.537085
27177 27189 - 27153 27165 : 0.509127
27282 27291 - 27243 27252 : 0.577063
2733 2742 - 2754 2763 : 0.536349
27336 27347 - 27351 27362 : 0.505889
27375 27383 - 27423 27431 : 0.662302
27423 27431 - 27410 27418 : 0.503836
27515 27523 - 27504 27512 : 0.538228
27563 27571 - 27522 27530 : 0.699339
27585 27594 - 27557 27566 : 0.603968
2762 2771 - 2727 2736 : 0.528968
27623 27630 - 27662 27669 : 0.619940
27726 27735 - 27728 27737 : 0.578968
2779 2787 - 2737 2745 : 0.577910
27925 27935 - 27882 27892 : 0.506241
28107 28119 - 28096 28108 : 0.522625
28240 28252 - 28258 28270 : 0.545671
28375 28383 - 28348 28356 : 0.577910
28454 28466 - 28478 28490 : 0.531416
28520 28529 - 28563 28572 : 0.512183
28550 28565 - 28524 28539 : 0.527232
28612 28620 - 28651 28659 : 0.530556
28672 28680 - 28685 28693 : 0.506746
28704 28714 - 28712 28722 : 0.506782
28778 28787 - 28733 28742 : 0.553016
28800 28810 - 28789 28799 : 0.542605
28876 28884 - 28876 28884 : 0.547487
28921 28934 - 28911 28924 : 0.590848
29022 29031 - 29043 29052 : 0.536349
29051 29060 - 29016 29025 : 0.528968
29068 29076 - 29026 29034 : 0.577910
29244 29251 - 29288 29295 : 0.522024
29382 29390 - 29371 29379 : 0.630820
29415 29428 - 29418 29431 : 0.525568
29440 29448 - 29404 29412 : 0.503836
2955 2962 - 2999 3006 : 0.522024
29624 29633 - 29636 29645 : 0.528968
29718 29727 - 29719 29728 : 0.527063
29902 29911 - 29884 29893 : 0.569683
29992 30000 - 29976 29984 : 0.527910
30033 30040 - 30080 30087 : 0.547024
30111 30127 - 30100 30116 : 0.525243
30239 30247 - 30221 30229 : 0.503836
30320 30329 - 30314 30323 : 0.533968
30342 30355 - 30386 30399 : 0.617830
30461 30470 - 30423 30432 : 0.502063
30566 30575 - 30571 30580 : 0.536349
30657 30665 - 30639 30647 : 0.699339
30753 30764 - 30802 30813 : 0.575797
30786 30796 - 30803 30813 : 0.527345
30901 30911 - 30885 30895 : 0.575830
3093 3101 - 3082 3090 : 0.630820
30987 30995 - 30997 31005 : 0.506746
31005 31014 - 30959 30968 : 0.519683
31120 31134 - 31089 31103 : 0.592356
31149 31157 - 31145 31153 : 0.634524
3126 3139 - 3129 3142 : 0.525568
31285 31294 - 31261 31270 : 0.528968
31438 31445 - 31423 31430 : 0.563690
3151 3159 - 3115 3123 : 0.503836
31677 31684 - 31643 31650 : 0.515774
31737 31746 - 31765 31774 : 0.528016
31837 31844 - 31811 31818 : 0.759524
31899 31910 - 31860 31871 : 0.503938
32019 32026 - 31995 32002 : 0.599107
32040 32047 - 32051 32058 : 0.588690
32092 32100 - 32116 32124 : 0.509392
32156 32166 - 32153 32163 : 0.595635
32173 32181 - 32125 32133 : 0.540873
32229 32237 - 32183 32191 : 0.577910
32351 32360 - 32338 32347 : 0.550635
32380 32391 - 32388 32399 : 0.540711
32491 32498 - 32479 32486 : 0.522024
32505 32516 - 32524 32535 : 0.587933
32589 32596 - 32600 32607 : 0.515774
32698 32707 - 32687 32696 : 0.628968
32757 32770 - 32760 32773 : 0.513779
32842 32853 - 32879 32890 : 0.548614
32913 32926 - 32956 32969 : 0.500514
32972 32981 - 33003 33012 : 0.595635
32987 32996 - 33017 33026 : 0.520516
33044 33052 - 33049 33057 : 0.556746
33061 33070 - 33071 33080 : 0.628968
33150 33162 - 33116 33128 : 0.513284
33229 33238 - 33226 33235 : 0.505635
33251 33261 - 33274 33284 : 0.512698
33272 33284 - 33316 33328 : 0.535262
3335 3344 - 3347 3356 : 0.528968
33440 33453 - 33431 33444 : 0.509045
33522 33531 - 33532 33541 : 0.527063
33589 33599 - 33619 33629 : 0.565729
33654 33663 - 33657 33666 : 0.523849
33716 33724 - 33740 33748 : 0.577910
33741 33748 - 33725 33732 : 0.599107
340 348 - 308 316 : 0.560450
34078 34088 - 34030 34040 : 0.521789
34115 34123 - 34103 34111 : 0.540873
34178 34186 - 34131 34139 : 0.593783
34391 34405 - 34345 34359 : 0.569785
34409 34419 - 34407 34417 : 0.604726
34418 34427 - 34435 34444 : 0.595635
34547 34554 - 34499 34506 : 0.522024
34620 34629 - 34587 34596 : 0.527063
34651 34659 - 34617 34625 : 0.577910
34680 34689 - 34678 34687 : 0.542302
34793 34800 - 34779 34786 : 0.522024
34803 34812 - 34827 34836 : 0.528968
34860 34870 - 34870 34880 : 0.545527
34879 34891 - 34848 34860 : 0.519877
34937 34944 - 34938 34945 : 0.557440
35044 35052 - 35038 35046 : 0.686376
35215 35224 - 35242 35251 : 0.545635
35260 35270 - 35267 35277 : 0.565332
35275 35283 - 35310 35318 : 0.519709
35392 35400 - 35360 35368 : 0.560450
35407 35416 - 35394 35403 : 0.527063
355 364 - 342 351 : 0.527063
35652 35661 - 35679 35688 : 0.553968
35675 35683 - 35648 35656 : 0.543783
35735 35748 - 35756 35769 : 0.526835
35766 35776 - 35806 35816 : 0.565332
35822 35838 - 35863 35879 : 0.511051
35940 35950 - 35891 35901 : 0.537085
35940 35952 - 35916 35928 : 0.509127
36045 36054 - 36006 36015 : 0.577063
36099 36110 - 36114 36125 : 0.505889
3613 3622 - 3595 3604 : 0.569683
36138 36146 - 36186 36194 : 0.662302
36186 36194 - 36173 36181 : 0.503836
36278 36286 - 36267 36275 : 0.538228
36326 36334 - 36285 36293 : 0.699339
36348 36357 - 36320 36329 : 0.603968
36386 36393 - 36425 36432 : 0.619940
36489 36498 - 36491 36500 : 0.578968
36688 36698 - 36645 36655 : 0.506241
36870 36882 - 36859 36871 : 0.522625
37003 37015 - 37021 37033 : 0.545671
37138 37146 - 37111 37119 : 0.577910
37217 37229 - 37241 37253 : 0.531416
37283 37292 - 37326 37335 : 0.512183
37313 37328 - 37287 37302 : 0.527232
37375 37383 - 37414 37422 : 0.530556
37435 37443 - 37448 37456 : 0.506746
3744 3751 - 3791 3798 : 0.547024
37467 37477 - 37475 37485 : 0.506782
37541 37550 - 37496 37505 : 0.553016
37563 37573 - 37552 37562 : 0.542605
37639 37647 - 37639 37647 : 0.547487
37684 37697 - 37674 37687 : 0.590848
37785 37794 - 37806 37815 : 0.536349
37814 37823 - 37779 37788 : 0.528968
37831 37839 - 37789 37797 : 0.577910
38007 38014 - 38051 38058 : 0.522024
38145 38153 - 38134 38142 : 0.630820
38178 38191 - 38181 38194 : 0.525568
38203 38211 - 38167 38175 : 0.503836
38387 38396 - 38399 38408 : 0.528968
38481 38490 - 38482 38491 : 0.527063
38665 38674 - 38647 38656 : 0.569683
38755 38763 - 38739 38747 : 0.527910
38796 38803 - 38843 38850 : 0.547024
38874 38890 - 38863 38879 : 0.525243
39002 39010 - 38984 38992 : 0.503836
39083 39092 - 39077 39086 : 0.533968
39105 39118 - 39149 39162 : 0.617830
39224 39233 - 39186 39195 : 0.502063
39329 39338 - 39334 39343 : 0.536349
39420 39428 - 39402 39410 : 0.699339
3950 3958 - 3932 3940 : 0.503836
39516 39527 - 39565 39576 : 0.575797
39549 39559 - 39566 39576 : 0.527345
39664 39674 - 39648 39658 : 0.575830
39750 39758 - 39760 39768 : 0.506746
39768 39777 - 39722 39731 : 0.519683
39883 39897 - 39852 39866 : 0.592356
39912 39920 - 39908 39916 : 0.634524
40048 40057 - 40024 40033 : 0.528968
40201 40208 - 40186 40193 : 0.563690
4031 4040 - 4025 4034 : 0.533968
40440 40447 - 40406 40413 : 0.515774
40500 40509 - 40528 40537 : 0.528016
4053 4066 - 4097 4110 : 0.617830
40600 40607 - 40574 40581 : 0.759524
40662 40673 - 40623 40634 : 0.503938
40782 40789 - 40758 40765 : 0.599107
40803 40810 - 40814 40821 : 0.588690
40855 40863 - 40879 40887 : 0.509392
40919 40929 - 40916 40926 : 0.595635
40936 40944 - 40888 40896 : 0.540873
40992 41000 - 40946 40954 : 0.577910
41114 41123 - 41101 41110 : 0.550635
41143 41154 - 41151 41162 : 0.540711
41254 41261 - 41242 41249 : 0.522024
41268 41279 - 41287 41298 : 0.587933
41352 41359 - 41363 41370 : 0.515774
41461 41470 - 41450 41459 : 0.628968
41520 41533 - 41523 41536 : 0.513779
41605 41616 - 41642 41653 : 0.548614
41676 41689 - 41719 41732 : 0.500514
41735 41744 - 41766 41775 : 0.595635
41750 41759 - 41780 41789 : 0.520516
41807 41815 - 41812 41820 : 0.556746
41824 41833 - 41834 41843 : 0.628968
41913 41925 - 41879 41891 : 0.513284
41992 42001 - 41989 41998 : 0.505635
42014 42024 - 42037 42047 : 0.512698
42035 42047 - 42079 42091 : 0.535262
42203 42216 - 42194 42207 : 0.509045
42285 42294 - 42295 42304 : 0.527063
42352 42362 - 42382 42392 : 0.565729
42417 42426 - 42420 42429 : 0.523849
42479 42487 - 42503 42511 : 0.577910
42504 42511 - 42488 42495 : 0.599107
42841 42851 - 42793 42803 : 0.521789
42878 42886 - 42866 42874 : 0.540873
42941 42949 - 42894 42902 : 0.593783
43154 43168 - 43108 43122 : 0.569785
43172 43182 - 43170 43180 : 0.604726
43181 43190 - 43198 43207 : 0.595635
43310 43317 - 43262 43269 : 0.522024
43383 43392 - 43350 43359 : 0.527063
43414 43422 - 43380 43388 : 0.577910
43443 43452 - 43441 43450 : 0.542302
43556 43563 - 43542 43549 : 0.522024
43566 43575 - 43590 43599 : 0.528968
43623 43633 - 43633 43643 : 0.545527
43642 43654 - 43611 43623 : 0.519877
4368 4376 - 4350 4358 : 0.699339
43700 43707 - 43701 43708 : 0.557440
43807 43815 - 43801 43809 : 0.686376
43978 43987 - 44005 44014 : 0.545635
44023 44033 - 44030 44040 : 0.565332
44038 44046 - 44073 44081 : 0.519709
44155 44163 - 44123 44131 : 0.560450
44170 44179 - 44157 44166 : 0.527063
44415 44424 - 44442 44451 : 0.553968
44438 44446 - 44411 44419 : 0.543783
44498 44511 - 44519 44532 : 0.526835
44529 44539 - 44569 44579 : 0.565332
44585 44601 - 44626 44642 : 0.511051
4464 4475 - 4513 4524 : 0.575797
44703 44713 - 44654 44664 : 0.537085
44703 44715 - 44679 44691 : 0.509127
44808 44817 - 44769 44778 : 0.577063
44862 44873 - 44877 44888 : 0.505889
44901 44909 - 44949 44957 : 0.662302
44949 44957 - 44936 44944 : 0.503836
45041 45049 - 45030 45038 : 0.538228
45089 45097 - 45048 45056 : 0.699339
45111 45120 - 45083 45092 : 0.603968
45149 45156 - 45188 45195 : 0.619940
45252 45261 - 45254 45263 : 0.578968
45451 45461 - 45408 45418 : 0.506241
45633 45645 - 45622 45634 : 0.522625
45766 45778 - 45784 45796 : 0.545671
45901 45909 - 45874 45882 : 0.577910
45980 45992 - 46004 46016 : 0.531416
46046 46055 - 46089 46098 : 0.512183
46076 46091 - 46050 46065 : 0.527232
4612 4622 - 4596 4606 : 0.575830
46138 46146 - 46177 46185 : 0.530556
46198 46206 - 46211 46219 : 0.506746
46230 46240 - 46238 46248 : 0.506782
46304 46313 - 46259 46268 : 0.553016
46326 46336 - 46315 46325 : 0.542605
46402 46410 - 46402 46410 : 0.547487
46447 46460 - 46437 46450 : 0.590848
46548 46557 - 46569 46578 : 0.536349
46577 46586 - 46542 46551 : 0.528968
46594 46602 - 46552 46560 : 0.577910
46770 46777 - 46814 46821 : 0.522024
46908 46916 - 46897 46905 : 0.630820
46941 46954 - 46944 46957 : 0.525568
46966 46974 - 46930 46938 : 0.503836
4698 4706 - 4708 4716 : 0.506746
47150 47159 - 47162 47171 : 0.528968
4716 4725 - 4670 4679 : 0.519683
47244 47253 - 47245 47254 : 0.527063
47428 47437 - 47410 47419 : 0.569683
47518 47526 - 47502 47510 : 0.527910
47559 47566 - 47606 47613 : 0.547024
47637 47653 - 47626 47642 : 0.525243
47765 47773 - 47747 47755 : 0.503836
47846 47855 - 47840 47849 : 0.533968
47868 47881 - 47912 47925 : 0.617830
47987 47996 - 47949 47958 : 0.502063
48092 48101 - 48097 48106 : 0.536349
48183 48191 - 48165 48173 : 0.699339
48279 48290 - 48328 48339 : 0.575797
4831 4845 - 4800 4814 : 0.592356
48427 48437 - 48411 48421 : 0.575830
48513 48521 - 48523 48531 : 0.506746
48531 48540 - 48485 48494 : 0.519683
4860 4868 - 4856 4864 : 0.634524
48646 48660 - 48615 48629 : 0.592356
48675 48683 - 48671 48679 : 0.634524
48811 48820 - 48787 48796 : 0.528968
48964 48971 - 48949 48956 : 0.563690
49203 49210 - 49169 49176 : 0.515774
49263 49272 - 49291 49300 : 0.528016
49363 49370 - 49337 49344 : 0.759524
49425 49436 - 49386 49397 : 0.503938
49545 49552 - 49521 49528 : 0.599107
49566 49573 - 49577 49584 : 0.588690
49618 49626 - 49642 49650 : 0.509392
49682 49692 - 49679 49689 : 0.595635
49699 49707 - 49651 49659 : 0.540873
49755 49763 - 49709 49717 : 0.577910
49877 49886 - 49864 49873 : 0.550635
49906 49917 - 49914 49925 : 0.540711
4996 5005 - 4972 4981 : 0.528968
50017 50024 - 50005 50012 : 0.522024
50031 50042 - 50050 50061 : 0.587933
50115 50122 - 50126 50133 : 0.515774
50224 50233 - 50213 50222 : 0.628968
50283 50296 - 50286 50299 : 0.513779
50368 50379 - 50405 50416 : 0.548614
50439 50452 - 50482 50495 : 0.500514
50498 50507 - 50529 50538 : 0.595635
50513 50522 - 50543 50552 : 0.520516
50570 50578 - 50575 50583 : 0.556746
50587 50596 - 50597 50606 : 0.628968
50676 50688 - 50642 50654 : 0.513284
50755 50764 - 50752 50761 : 0.505635
50777 50787 - 50800 50810 : 0.512698
50798 50810 - 50842 50854 : 0.535262
50966 50979 - 50957 50970 : 0.509045
51048 51057 - 51058 51067 : 0.527063
51115 51125 - 51145 51155 : 0.565729
51180 51189 - 51183 51192 : 0.523849
51242 51250 - 51266 51274 : 0.577910
51267 51274 - 51251 51258 : 0.599107
5149 5156 - 5134 5141 : 0.563690
51604 51614 - 51556 51566 : 0.521789
51641 51649 - 51629 51637 : 0.540873
51704 51712 - 51657 51665 : 0.593783
51917 51931 - 51871 51885 : 0.569785
51935 51945 - 51933 51943 : 0.604726
51944 51953 - 51961 51970 : 0.595635
52073 52080 - 52025 52032 : 0.522024
52146 52155 - 52113 52122 : 0.527063
52177 52185 - 52143 52151 : 0.577910
52206 52215 - 52204 52213 : 0.542302
52319 52326 - 52305 52312 : 0.522024
52329 52338 - 52353 52362 : 0.528968
52386 52396 - 52396 52406 : 0.545527
52405 52417 - 52374 52386 : 0.519877
52463 52470 - 52464 52471 : 0.557440
52570 52578 - 52564 52572 : 0.686376
52741 52750 - 52768 52777 : 0.545635
52786 52796 - 52793 52803 : 0.565332
52801 52809 - 52836 52844 : 0.519709
52918 52926 - 52886 52894 : 0.560450
52933 52942 - 52920 52929 : 0.527063
53178 53187 - 53205 53214 : 0.553968
53201 53209 - 53174 53182 : 0.543783
53261 53274 - 53282 53295 : 0.526835
53292 53302 - 53332 53342 : 0.565332
53348 53364 - 53389 53405 : 0.511051
53466 53476 - 53417 53427 : 0.537085
53466 53478 - 53442 53454 : 0.509127
53571 53580 - 53532 53541 : 0.577063
53625 53636 - 53640 53651 : 0.505889
53664 53672 - 53712 53720 : 0.662302
53712 53720 - 53699 53707 : 0.503836
53804 53812 - 53793 53801 : 0.538228
53852 53860 - 53811 53819 : 0.699339
53874 53883 - 53846 53855 : 0.603968
5388 5395 - 5354 5361 : 0.515774
53912 53919 - 53951 53958 : 0.619940
54015 54024 - 54017 54026 : 0.578968
54214 54224 - 54171 54181 : 0.506241
54396 54408 - 54385 54397 : 0.522625
5448 5457 - 5476 5485 : 0.528016
54529 54541 - 54547 54559 : 0.545671
54664 54672 - 54637 54645 : 0.577910
54743 54755 - 54767 54779 : 0.531416
54809 54818 - 54852 54861 : 0.512183
54839 54854 - 54813 54828 : 0.527232
54901 54909 - 54940 54948 : 0.530556
54961 54969 - 54974 54982 : 0.506746
54993 55003 - 55001 55011 : 0.506782
55067 55076 - 55022 55031 : 0.553016
55089 55099 - 55078 55088 : 0.542605
55165 55173 - 55165 55173 : 0.547487
55210 55223 - 55200 55213 : 0.590848
55311 55320 - 55332 55341 : 0.536349
55340 55349 - 55305 55314 : 0.528968
55357 55365 - 55315 55323 : 0.577910
55533 55540 - 55577 55584 : 0.522024
55671 55679 - 55660 55668 : 0.630820
55704 55717 - 55707 55720 : 0.525568
55729 55737 - 55693 55701 : 0.503836
55913 55922 - 55925 55934 : 0.528968
56007 56016 - 56008 56017 : 0.527063
5610 5621 - 5571 5582 : 0.503938
56191 56200 - 56173 56182 : 0.569683
56281 56289 - 56265 56273 : 0.527910
56322 56329 - 56369 56376 : 0.547024
56400 56416 - 56389 56405 : 0.525243
56528 56536 - 56510 56518 : 0.503836
56609 56618 - 56603 56612 : 0.533968
56631 56644 - 56675 56688 : 0.617830
56750 56759 - 56712 56721 : 0.502063
56855 56864 - 56860 56869 : 0.536349
56946 56954 - 56928 56936 : 0.699339
57042 57053 - 57091 57102 : 0.575797
57075 57085 - 57092 57102 : 0.527345
57190 57200 - 57174 57184 : 0.575830
57276 57284 - 57286 57294 : 0.506746
57294 57303 - 57248 57257 : 0.519683
5730 5737 - 5706 5713 : 0.599107
57409 57423 - 57378 57392 : 0.592356
57438 57446 - 57434 57442 : 0.634524
5751 5758 - 5762 5769 : 0.588690
57574 57583 - 57550 57559 : 0.528968
57727 57734 - 57712 57719 : 0.563690
57966 57973 - 57932 57939 : 0.515774
58026 58035 - 58054 58063 : 0.528016
5803 5811 - 5827 5835 : 0.509392
58126 58133 - 58100 58107 : 0.759524
58188 58199 - 58149 58160 : 0.503938
58308 58315 - 58284 58291 : 0.599107
58329 58336 - 58340 58347 : 0.588690
58381 58389 - 58405 58413 : 0.509392
58445 58455 - 58442 58452 : 0.595635
58462 58470 - 58414 58422 : 0.540873
58518 58526 - 58472 58480 : 0.577910
58640 58649 - 58627 58636 : 0.550635
58669 58680 - 58677 58688 : 0.540711
5867 5877 - 5864 5874 : 0.595635
58780 58787 - 58768 58775 : 0.522024
58794 58805 - 58813 58824 : 0.587933
5884 5892 - 5836 5844 : 0.540873
58878 58885 - 58889 58896 : 0.515774
58987 58996 - 58976 58985 : 0.628968
59046 59059 - 59049 59062 : 0.513779
59131 59142 - 59168 59179 : 0.548614
59202 59215 - 59245 59258 : 0.500514
59261 59270 - 59292 59301 : 0.595635
59276 59285 - 59306 59315 : 0.520516
59333 59341 - 59338 59346 : 0.556746
59350 59359 - 59360 59369 : 0.628968
59439 59451 - 59405 59417 : 0.513284
59518 59527 - 59515 59524 : 0.505635
59540 59550 - 59563 59573 : 0.512698
59561 59573 - 59605 59617 : 0.535262
59729 59742 - 59720 59733 : 0.509045
59811 59820 - 59821 59830 : 0.527063
59878 59888 - 59908 59918 : 0.565729
59943 59952 - 59946 59955 : 0.523849
60005 60013 - 60029 60037 : 0.577910
60030 60037 - 60014 60021 : 0.599107
60367 60377 - 60319 60329 : 0.521789
60404 60412 - 60392 60400 : 0.540873
60467 60475 - 60420 60428 : 0.593783
6062 6071 - 6049 6058 : 0.550635
60680 60694 - 60634 60648 : 0.569785
60698 60708 - 60696 60706 : 0.604726
60707 60716 - 60724 60733 : 0.595635
60836 60843 - 60788 60795 : 0.522024
60909 60918 - 60876 60885 : 0.527063
6091 6102 - 6099 6110 : 0.540711
60940 60948 - 60906 60914 : 0.577910
60969 60978 - 60967 60976 : 0.542302
61082 61089 - 61068 61075 : 0.522024
61092 61101 - 61116 61125 : 0.528968
61149 61159 - 61159 61169 : 0.545527
61168 61180 - 61137 61149 : 0.519877
61226 61233 - 61227 61234 : 0.557440
61333 61341 - 61327 61335 : 0.686376
61504 61513 - 61531 61540 : 0.545635
61549 61559 - 61556 61566 : 0.565332
61564 61572 - 61599 61607 : 0.519709
61681 61689 - 61649 61657 : 0.560450
61696 61705 - 61683 61692 : 0.527063
61941 61950 - 61968 61977 : 0.553968
61964 61972 - 61937 61945 : 0.543783
6202 6209 - 6190 6197 : 0.522024
62024 62037 - 62045 62058 : 0.526835
62055 62065 - 62095 62105 : 0.565332
62111 62127 - 62152 62168 : 0.511051
6216 6227 - 6235 6246 : 0.587933
62229 62239 - 62180 62190 : 0.537085
62229 62241 - 62205 62217 : 0.509127
623 631 - 596 604 : 0.543783
62334 62343 - 62295 62304 : 0.577063
62388 62399 - 62403 62414 : 0.505889
62427 62435 - 62475 62483 : 0.662302
62475 62483 - 62462 62470 : 0.503836
62567 62575 - 62556 62564 : 0.538228
62637 62646 - 62609 62618 : 0.603968
62675 62682 - 62714 62721 : 0.619940
62778 62787 - 62780 62789 : 0.578968
62977 62987 - 62934 62944 : 0.506241
6300 6307 - 6311 6318 : 0.515774
63159 63171 - 63148 63160 : 0.522625
63292 63304 - 63310 63322 : 0.545671
63427 63435 - 63400 63408 : 0.577910
63506 63518 - 63530 63542 : 0.531416
63572 63581 - 63615 63624 : 0.512183
63602 63617 - 63576 63591 : 0.527232
63664 63672 - 63703 63711 : 0.530556
63724 63732 - 63737 63745 : 0.506746
63756 63766 - 63764 63774 : 0.506782
63830 63839 - 63785 63794 : 0.553016
63852 63862 - 63841 63851 : 0.542605
63928 63936 - 63928 63936 : 0.547487
63973 63986 - 63963 63976 : 0.590848
64074 64083 - 64095 64104 : 0.536349
6409 6418 - 6398 6407 : 0.628968
64103 64112 - 64068 64077 : 0.528968
64120 64128 - 64078 64086 : 0.577910
64296 64303 - 64340 64347 : 0.522024
64434 64442 - 64423 64431 : 0.630820
64467 64480 - 64470 64483 : 0.525568
64492 64500 - 64456 64464 : 0.503836
64676 64685 - 64688 64697 : 0.528968
6468 6481 - 6471 6484 : 0.513779
64770 64779 - 64771 64780 : 0.527063
64954 64963 - 64936 64945 : 0.569683
65044 65052 - 65028 65036 : 0.527910
65085 65092 - 65132 65139 : 0.547024
65163 65179 - 65152 65168 : 0.525243
65291 65299 - 65273 65281 : 0.503836
65372 65381 - 65366 65375 : 0.533968
65394 65407 - 65438 65451 : 0.617830
65513 65522 - 65475 65484 : 0.502063
6553 6564 - 6590 6601 : 0.548614
65618 65627 - 65623 65632 : 0.536349
65709 65717 - 65691 65699 : 0.699339
65805 65816 - 65854 65865 : 0.575797
65838 65848 - 65855 65865 : 0.527345
65953 65963 - 65937 65947 : 0.575830
66039 66047 - 66049 66057 : 0.506746
66057 66066 - 66011 66020 : 0.519683
66172 66186 - 66141 66155 : 0.592356
66201 66209 - 66197 66205 : 0.634524
6624 6637 - 6667 6680 : 0.500514
66337 66346 - 66313 66322 : 0.528968
66490 66497 - 66475 66482 : 0.563690
66729 66736 - 66695 66702 : 0.515774
66789 66798 - 66817 66826 : 0.528016
6683 6692 - 6714 6723 : 0.595635
66889 66896 - 66863 66870 : 0.759524
66951 66962 - 66912 66923 : 0.503938
6698 6707 - 6728 6737 : 0.520516
67071 67078 - 67047 67054 : 0.599107
67092 67099 - 67103 67110 : 0.588690
67144 67152 - 67168 67176 : 0.509392
67208 67218 - 67205 67215 : 0.595635
67225 67233 - 67177 67185 : 0.540873
67281 67289 - 67235 67243 : 0.577910
67403 67412 - 67390 67399 : 0.550635
67432 67443 - 67440 67451 : 0.540711
67543 67550 - 67531 67538 : 0.522024
6755 6763 - 6760 6768 : 0.556746
67557 67568 - 67576 67587 : 0.587933
67641 67648 - 67652 67659 : 0.515774
6772 6781 - 6782 6791 : 0.628968
67750 67759 - 67739 67748 : 0.628968
67809 67822 - 67812 67825 : 0.513779
67894 67905 - 67931 67942 : 0.548614
67965 67978 - 68008 68021 : 0.500514
68024 68033 - 68055 68064 : 0.595635
68039 68048 - 68069 68078 : 0.520516
68096 68104 - 68101 68109 : 0.556746
68113 68122 - 68123 68132 : 0.628968
68202 68214 - 68168 68180 : 0.513284
68281 68290 - 68278 68287 : 0.505635
683 696 - 704 717 : 0.526835
68303 68313 - 68326 68336 : 0.512698
68324 68336 - 68368 68380 : 0.535262
68492 68505 - 68483 68496 : 0.509045
68574 68583 - 68584 68593 : 0.527063
6861 6873 - 6827 6839 : 0.513284
68641 68651 - 68671 68681 : 0.565729
68706 68715 - 68709 68718 : 0.523849
68768 68776 - 68792 68800 : 0.577910
68793 68800 - 68777 68784 : 0.599107
69130 69140 - 69082 69092 : 0.521789
69167 69175 - 69155 69163 : 0.540873
69230 69238 - 69183 69191 : 0.593783
6940 6949 - 6937 6946 : 0.505635
69443 69457 - 69397 69411 : 0.569785
69461 69471 - 69459 69469 : 0.604726
69470 69479 - 69487 69496 : 0.595635
69599 69606 - 69551 69558 : 0.522024
6962 6972 - 6985 6995 : 0.512698
69672 69681 - 69639 69648 : 0.527063
69703 69711 - 69669 69677 : 0.577910
69732 69741 - 69730 69739 : 0.542302
6983 6995 - 7027 7039 : 0.535262
69845 69852 - 69831 69838 : 0.522024
69855 69864 - 69879 69888 : 0.528968
69912 69922 - 69922 69932 : 0.545527
69931 69943 - 69900 69912 : 0.519877
69989 69996 - 69990 69997 : 0.557440
70096 70104 - 70090 70098 : 0.686376
70267 70276 - 70294 70303 : 0.545635
70312 70322 - 70319 70329 : 0.565332
70327 70335 - 70362 70370 : 0.519709
70444 70452 - 70412 70420 : 0.560450
70459 70468 - 70446 70455 : 0.527063
70704 70713 - 70731 70740 : 0.553968
70727 70735 - 70700 70708 : 0.543783
70787 70800 - 70808 70821 : 0.526835
70818 70828 - 70858 70868 : 0.565332
70874 70890 - 70915 70931 : 0.511051
70992 71002 - 70943 70953 : 0.537085
70992 71004 - 70968 70980 : 0.509127
71097 71106 - 71058 71067 : 0.577063
71151 71162 - 71166 71177 : 0.505889
71190 71198 - 71238 71246 : 0.662302
71238 71246 - 71225 71233 : 0.503836
71330 71338 - 71319 71327 : 0.538228
71378 71386 - 71337 71345 : 0.699339
714 724 - 754 764 : 0.565332
71400 71409 - 71372 71381 : 0.603968
71438 71445 - 71477 71484 : 0.619940
7151 7164 - 7142 7155 : 0.509045
71541 71550 - 71543 71552 : 0.578968
71740 71750 - 71697 71707 : 0.506241
71922 71934 - 71911 71923 : 0.522625
72055 72067 - 72073 72085 : 0.545671
72190 72198 - 72163 72171 : 0.577910
72269 72281 - 72293 72305 : 0.531416
7233 7242 - 7243 7252 : 0.527063
72335 72344 - 72378 72387 : 0.512183
72365 72380 - 72339 72354 : 0.527232
72427 72435 - 72466 72474 : 0.530556
72487 72495 - 72500 72508 : 0.506746
72519 72529 - 72527 72537 : 0.506782
72593 72602 - 72548 72557 : 0.553016
72615 72625 - 72604 72614 : 0.542605
72691 72699 - 72691 72699 : 0.547487
72736 72749 - 72726 72739 : 0.590848
72837 72846 - 72858 72867 : 0.536349
72866 72875 - 72831 72840 : 0.528968
72883 72891 - 72841 72849 : 0.577910
7300 7310 - 7330 7340 : 0.565729
73059 73066 - 73103 73110 : 0.522024
73197 73205 - 73186 73194 : 0.630820
73230 73243 - 73233 73246 : 0.525568
73255 73263 - 73219 73227 : 0.503836
73439 73448 - 73451 73460 : 0.528968
73533 73542 - 73534 73543 : 0.527063
7365 7374 - 7368 7377 : 0.523849
73717 73726 - 73699 73708 : 0.569683
73807 73815 - 73791 73799 : 0.527910
73848 73855 - 73895 73902 : 0.547024
73926 73942 - 73915 73931 : 0.525243
74054 74062 - 74036 74044 : 0.503836
74135 74144 - 74129 74138 : 0.533968
74157 74170 - 74201 74214 : 0.617830
7427 7435 - 7451 7459 : 0.577910
74381 74390 - 74386 74395 : 0.536349
74472 74480 - 74454 74462 : 0.699339
7452 7459 - 7436 7443 : 0.599107
74568 74579 - 74617 74628 : 0.575797
74601 74611 - 74618 74628 : 0.527345
74716 74726 - 74700 74710 : 0.575830
74802 74810 - 74812 74820 : 0.506746
74820 74829 - 74774 74783 : 0.519683
74935 74949 - 74904 74918 : 0.592356
74964 74972 - 74960 74968 : 0.634524
75100 75109 - 75076 75085 : 0.528968
75253 75260 - 75238 75245 : 0.563690
75492 75499 - 75458 75465 : 0.515774
75552 75561 - 75580 75589 : 0.528016
75652 75659 - 75626 75633 : 0.759524
75714 75725 - 75675 75686 : 0.503938
75834 75841 - 75810 75817 : 0.599107
75855 75862 - 75866 75873 : 0.588690
75907 75915 - 75931 75939 : 0.509392
75971 75981 - 75968 75978 : 0.595635
75988 75996 - 75940 75948 : 0.540873
76044 76052 - 75998 76006 : 0.577910
76166 76175 - 76153 76162 : 0.550635
76195 76206 - 76203 76214 : 0.540711
76306 76313 - 76294 76301 : 0.522024
76320 76331 - 76339 76350 : 0.587933
76404 76411 - 76415 76422 : 0.515774
76513 76522 - 76502 76511 : 0.628968
76572 76585 - 76575 76588 : 0.513779
76657 76668 - 76694 76705 : 0.548614
76728 76741 - 76771 76784 : 0.500514
76787 76796 - 76818 76827 : 0.595635
76802 76811 - 76832 76841 : 0.520516
76859 76867 - 76864 76872 : 0.556746
76876 76885 - 76886 76895 : 0.628968
76965 76977 - 76931 76943 : 0.513284
770 786 - 811 827 : 0.511051
77044 77053 - 77041 77050 : 0.505635
77066 77076 - 77089 77099 : 0.512698
77087 77099 - 77131 77143 : 0.535262
77255 77268 - 77246 77259 : 0.509045
77337 77346 - 77347 77356 : 0.527063
77404 77414 - 77434 77444 : 0.565729
77469 77478 - 77472 77481 : 0.523849
77531 77539 - 77555 77563 : 0.577910
77556 77563 - 77540 77547 : 0.599107
7789 7799 - 7741 7751 : 0.521789
77893 77903 - 77845 77855 : 0.521789
77930 77938 - 77918 77926 : 0.540873
77993 78001 - 77946 77954 : 0.593783
78206 78220 - 78160 78174 : 0.569785
78224 78234 - 78222 78232 : 0.604726
78233 78242 - 78250 78259 : 0.595635
7826 7834 - 7814 7822 : 0.540873
78362 78369 - 78314 78321 : 0.522024
78435 78444 - 78402 78411 : 0.527063
78466 78474 - 78432 78440 : 0.577910
78495 78504 - 78493 78502 : 0.542302
78608 78615 - 78594 78601 : 0.522024
78618 78627 - 78642 78651 : 0.528968
78675 78685 - 78685 78695 : 0.545527
78694 78706 - 78663 78675 : 0.519877
78752 78759 - 78753 78760 : 0.557440
78859 78867 - 78853 78861 : 0.686376
7889 7897 - 7842 7850 : 0.593783
79030 79039 - 79057 79066 : 0.545635
79075 79085 - 79082 79092 : 0.565332
79090 79098 - 79125 79133 : 0.519709
79207 79215 - 79175 79183 : 0.560450
79222 79231 - 79209 79218 : 0.527063
79467 79476 - 79494 79503 : 0.553968
79490 79498 - 79463 79471 : 0.543783
79550 79563 - 79571 79584 : 0.526835
79581 79591 - 79621 79631 : 0.565332
79637 79653 - 79678 79694 : 0.511051
79755 79765 - 79706 79716 : 0.537085
79755 79767 - 79731 79743 : 0.509127
79860 79869 - 79821 79830 : 0.577063
79914 79925 - 79929 79940 : 0.505889
79953 79961 - 80001 80009 : 0.662302
80001 80009 - 79988 79996 : 0.503836
80093 80101 - 80082 80090 : 0.538228
80141 80149 - 80100 80108 : 0.699339
80163 80172 - 80135 80144 : 0.603968
80201 80208 - 80240 80247 : 0.619940
80304 80313 - 80306 80315 : 0.578968
80503 80513 - 80460 80470 : 0.506241
80685 80697 - 80674 80686 : 0.522625
80818 80830 - 80836 80848 : 0.545671
80953 80961 - 80926 80934 : 0.577910
8102 8116 - 8056 8070 : 0.569785
81032 81044 - 81056 81068 : 0.531416
81098 81107 - 81141 81150 : 0.512183
81128 81143 - 81102 81117 : 0.527232
81190 81198 - 81229 81237 : 0.530556
8120 8130 - 8118 8128 : 0.604726
81250 81258 - 81263 81271 : 0.506746
81282 81292 - 81290 81300 : 0.506782
8129 8138 - 8146 8155 : 0.595635
81356 81365 - 81311 81320 : 0.553016
81378 81388 - 81367 81377 : 0.542605
81454 81462 - 81454 81462 : 0.547487
81499 81512 - 81489 81502 : 0.590848
81600 81609 - 81621 81630 : 0.536349
81629 81638 - 81594 81603 : 0.528968
81646 81654 - 81604 81612 : 0.577910
81822 81829 - 81866 81873 : 0.522024
81960 81968 - 81949 81957 : 0.630820
81993 82006 - 81996 82009 : 0.525568
82018 82026 - 81982 81990 : 0.503836
82202 82211 - 82214 82223 : 0.528968
82296 82305 - 82297 82306 : 0.527063
82480 82489 - 82462 82471 : 0.569683
82570 82578 - 82554 82562 : 0.527910
8258 8265 - 8210 8217 : 0.522024
82611 82618 - 82658 82665 : 0.547024
82689 82705 - 82678 82694 : 0.525243
82817 82825 - 82799 82807 : 0.503836
82898 82907 - 82892 82901 : 0.533968
82920 82933 - 82964 82977 : 0.617830
83039 83048 - 83001 83010 : 0.502063
83144 83153 - 83149 83158 : 0.536349
83235 83243 - 83217 83225 : 0.699339
8331 8340 - 8298 8307 : 0.527063
83331 83342 - 83380 83391 : 0.575797
83364 83374 - 83381 83391 : 0.527345
83479 83489 - 83463 83473 : 0.575830
83565 83573 - 83575 83583 : 0.506746
83583 83592 - 83537 83546 : 0.519683
83698 83712 - 83667 83681 : 0.592356
83727 83735 - 83723 83731 : 0.634524
83863 83872 - 83839 83848 : 0.528968
8391 8400 - 8389 8398 : 0.542302
84016 84023 - 84001 84008 : 0.563690
84255 84262 - 84221 84228 : 0.515774
84315 84324 - 84343 84352 : 0.528016
84415 84422 - 84389 84396 : 0.759524
84477 84488 - 84438 84449 : 0.503938
84597 84604 - 84573 84580 : 0.599107
84618 84625 - 84629 84636 : 0.588690
84670 84678 - 84694 84702 : 0.509392
84734 84744 - 84731 84741 : 0.595635
84751 84759 - 84703 84711 : 0.540873
84807 84815 - 84761 84769 : 0.577910
84929 84938 - 84916 84925 : 0.550635
84958 84969 - 84966 84977 : 0.540711
8504 8511 - 8490 8497 : 0.522024
85069 85076 - 85057 85064 : 0.522024
85083 85094 - 85102 85113 : 0.587933
8514 8523 - 8538 8547 : 0.528968
85167 85174 - 85178 85185 : 0.515774
85276 85285 - 85265 85274 : 0.628968
85335 85348 - 85338 85351 : 0.513779
85420 85431 - 85457 85468 : 0.548614
85491 85504 - 85534 85547 : 0.500514
85550 85559 - 85581 85590 : 0.595635
85565 85574 - 85595 85604 : 0.520516
85622 85630 - 85627 85635 : 0.556746
85639 85648 - 85649 85658 : 0.628968
8571 8581 - 8581 8591 : 0.545527
85728 85740 - 85694 85706 : 0.513284
85807 85816 - 85804 85813 : 0.505635
85829 85839 - 85852 85862 : 0.512698
85850 85862 - 85894 85906 : 0.535262
8590 8602 - 8559 8571 : 0.519877
86018 86031 - 86009 86022 : 0.509045
86100 86109 - 86110 86119 : 0.527063
86167 86177 - 86197 86207 : 0.565729
86232 86241 - 86235 86244 : 0.523849
86294 86302 - 86318 86326 : 0.577910
86319 86326 - 86303 86310 : 0.599107
8648 8655 - 8649 8656 : 0.557440
86656 86666 - 86608 86618 : 0.521789
86693 86701 - 86681 86689 : 0.540873
86756 86764 - 86709 86717 : 0.593783
86969 86983 - 86923 86937 : 0.569785
86987 86997 - 86985 86995 : 0.604726
86996 87005 - 87013 87022 : 0.595635
87125 87132 - 87077 87084 : 0.522024
87198 87207 - 87165 87174 : 0.527063
87229 87237 - 87195 87203 : 0.577910
87258 87267 - 87256 87265 : 0.542302
87371 87378 - 87357 87364 : 0.522024
87381 87390 - 87405 87414 : 0.528968
87438 87448 - 87448 87458 : 0.545527
87457 87469 - 87426 87438 : 0.519877
87515 87522 - 87516 87523 : 0.557440
8755 8763 - 8749 8757 : 0.686376
87622 87630 - 87616 87624 : 0.686376
87793 87802 - 87820 87829 : 0.545635
87838 87848 - 87845 87855 : 0.565332
87853 87861 - 87888 87896 : 0.519709
87970 87978 - 87938 87946 : 0.560450
87985 87994 - 87972 87981 : 0.527063
88230 88239 - 88257 88266 : 0.553968
88253 88261 - 88226 88234 : 0.543783
88313 88326 - 88334 88347 : 0.526835
88344 88354 - 88384 88394 : 0.565332
88400 88416 - 88441 88457 : 0.511051
88518 88528 - 88469 88479 : 0.537085
88518 88530 - 88494 88506 : 0.509127
88623 88632 - 88584 88593 : 0.577063
88677 88688 - 88692 88703 : 0.505889
88716 88724 - 88764 88772 : 0.662302
88764 88772 - 88751 88759 : 0.503836
888 900 - 864 876 : 0.509127
88856 88864 - 88845 88853 : 0.538228
88904 88912 - 88863 88871 : 0.699339
88926 88935 - 88898 88907 : 0.603968
88964 88971 - 89003 89010 : 0.619940
89067 89076 - 89069 89078 : 0.578968
8926 8935 - 8953 8962 : 0.545635
89266 89276 - 89223 89233 : 0.506241
89448 89460 - 89437 89449 : 0.522625
89581 89593 - 89599 89611 : 0.545671
8971 8981 - 8978 8988 : 0.565332
89716 89724 - 89689 89697 : 0.577910
89795 89807 - 89819 89831 : 0.531416
8986 8994 - 9021 9029 : 0.519709
89861 89870 - 89904 89913 : 0.512183
89891 89906 - 89865 89880 : 0.527232
9103 9111 - 9071 9079 : 0.560450
9118 9127 - 9105 9114 : 0.527063
9363 9372 - 9390 9399 : 0.553968
9386 9394 - 9359 9367 : 0.543783
9446 9459 - 9467 9480 : 0.526835
9477 9487 - 9517 9527 : 0.565332
9533 9549 - 9574 9590 : 0.511051
9651 9661 - 9602 9612 : 0.537085
9651 9663 - 9627 9639 : 0.509127
9756 9765 - 9717 9726 : 0.577063
9810 9821 - 9825 9836 : 0.505889
9849 9857 - 9897 9905 : 0.662302
9897 9905 - 9884 9892 : 0.503836
993 1002 - 954 963 : 0.577063
