10059 10068 - 10031 10040 : 0.578968
10097 10104 - 10136 10143 : 0.619940
10146 10154 - 10115 10123 : 0.503836
10200 10209 - 10202 10211 : 0.578968
10320 10327 - 10296 10303 : 0.557440
10399 10409 - 10356 10366 : 0.506241
1047 1058 - 1062 1073 : 0.505889
10576 10584 - 10589 10597 : 0.577910
10585 10596 - 10574 10585 : 0.541802
10714 10726 - 10732 10744 : 0.545671
10733 10742 - 10752 10761 : 0.590397
10849 10857 - 10822 10830 : 0.577910
1086 1094 - 1134 1142 : 0.662302
10958 10969 - 10972 10983 : 0.519943
10994 11003 - 11037 11046 : 0.512183
11024 11039 - 10998 11013 : 0.527232
11086 11094 - 11125 11133 : 0.530556
11146 11154 - 11159 11167 : 0.528968
11178 11188 - 11186 11196 : 0.506782
11252 11261 - 11207 11216 : 0.553016
11274 11284 - 11263 11273 : 0.542605
11298 11307 - 11276 11285 : 0.569683
1134 1142 - 1121 1129 : 0.503836
11350 11359 - 11350 11359 : 0.528016
11395 11408 - 11385 11398 : 0.596800
11424 11432 - 11439 11447 : 0.519709
11463 11475 - 11481 11493 : 0.500616
11496 11505 - 11517 11526 : 0.536349
11509 11517 - 11517 11525 : 0.503836
11542 11550 - 11500 11508 : 0.577910
11687 11701 - 11706 11720 : 0.524552
11708 11716 - 11732 11740 : 0.513095
11718 11725 - 11762 11769 : 0.522024
11886 11901 - 11889 11904 : 0.531602
11889 11902 - 11892 11905 : 0.501758
11918 11928 - 11912 11922 : 0.512698
1199 1207 - 1213 1221 : 0.540873
12033 12041 - 12000 12008 : 0.567593
12192 12201 - 12193 12202 : 0.527063
12376 12385 - 12358 12367 : 0.569683
12507 12514 - 12554 12561 : 0.547024
12585 12601 - 12574 12590 : 0.544219
12713 12721 - 12695 12703 : 0.503836
12794 12803 - 12788 12797 : 0.533968
12916 12928 - 12890 12902 : 0.686361
1296 1305 - 1268 1277 : 0.578968
13047 13055 - 13009 13017 : 0.564947
13131 13139 - 13113 13121 : 0.699339
13227 13238 - 13276 13287 : 0.575797
13260 13270 - 13277 13287 : 0.527345
1334 1341 - 1373 1380 : 0.619940
13350 13362 - 13367 13379 : 0.509529
13461 13469 - 13471 13479 : 0.506746
13479 13488 - 13433 13442 : 0.519683
13516 13527 - 13535 13546 : 0.513297
13594 13608 - 13563 13577 : 0.592356
13755 13766 - 13776 13787 : 0.553211
13790 13799 - 13776 13785 : 0.522302
1383 1391 - 1352 1360 : 0.503836
13886 13895 - 13850 13859 : 0.567302
14087 14096 - 14119 14128 : 0.578968
14211 14220 - 14239 14248 : 0.528016
14311 14318 - 14285 14292 : 0.759524
1437 1446 - 1439 1448 : 0.578968
14373 14384 - 14334 14345 : 0.503938
14493 14500 - 14469 14476 : 0.599107
14514 14521 - 14525 14532 : 0.599107
14569 14578 - 14587 14596 : 0.502063
14575 14587 - 14543 14555 : 0.552597
14597 14608 - 14616 14627 : 0.534361
14647 14655 - 14599 14607 : 0.540873
14703 14711 - 14657 14665 : 0.577910
14825 14834 - 14812 14821 : 0.550635
14854 14865 - 14862 14873 : 0.540711
15007 15019 - 14996 15008 : 0.676193
15063 15070 - 15074 15081 : 0.515774
15172 15181 - 15161 15170 : 0.628968
15231 15244 - 15234 15247 : 0.513779
15346 15353 - 15364 15371 : 0.540774
15446 15455 - 15477 15486 : 0.595635
15461 15470 - 15491 15500 : 0.520516
15518 15526 - 15523 15531 : 0.556746
15535 15544 - 15545 15554 : 0.628968
1557 1564 - 1533 1540 : 0.557440
15624 15636 - 15590 15602 : 0.513284
15703 15712 - 15700 15709 : 0.600635
15725 15735 - 15748 15758 : 0.512698
15746 15758 - 15790 15802 : 0.535262
15851 15860 - 15815 15824 : 0.520516
15914 15929 - 15905 15920 : 0.560786
15967 15976 - 15983 15992 : 0.578968
15996 16005 - 16006 16015 : 0.527063
16063 16073 - 16093 16103 : 0.565729
16114 16121 - 16073 16080 : 0.557440
16153 16165 - 16120 16132 : 0.510506
16190 16198 - 16214 16222 : 0.577910
16202 16213 - 16156 16167 : 0.503938
163 172 - 190 199 : 0.545635
1636 1646 - 1593 1603 : 0.506241
16541 16553 - 16517 16529 : 0.518839
16575 16583 - 16554 16562 : 0.510450
16589 16597 - 16577 16585 : 0.540873
16652 16660 - 16605 16613 : 0.593783
16791 16798 - 16756 16763 : 0.619940
16865 16879 - 16819 16833 : 0.569785
16883 16893 - 16881 16891 : 0.604726
16946 16953 - 16973 16980 : 0.547024
17094 17103 - 17061 17070 : 0.502063
17277 17286 - 17301 17310 : 0.528968
17334 17344 - 17344 17354 : 0.545527
17353 17365 - 17322 17334 : 0.580134
17411 17418 - 17412 17419 : 0.557440
17574 17582 - 17549 17557 : 0.540873
17689 17698 - 17716 17725 : 0.545635
17734 17744 - 17741 17751 : 0.565332
17749 17757 - 17784 17792 : 0.519709
17804 17812 - 17818 17826 : 0.518651
17866 17875 - 17834 17843 : 0.553968
17881 17890 - 17868 17877 : 0.527063
18126 18135 - 18153 18162 : 0.553968
1813 1821 - 1826 1834 : 0.577910
18149 18157 - 18122 18130 : 0.593783
18209 18222 - 18230 18243 : 0.526835
1822 1833 - 1811 1822 : 0.541802
18224 18232 - 18181 18189 : 0.514153
18296 18312 - 18337 18353 : 0.511051
18358 18367 - 18368 18377 : 0.507183
18519 18528 - 18480 18489 : 0.577063
18573 18584 - 18588 18599 : 0.505889
18612 18620 - 18660 18668 : 0.662302
18660 18668 - 18647 18655 : 0.503836
18725 18733 - 18739 18747 : 0.540873
18822 18831 - 18794 18803 : 0.578968
18860 18867 - 18899 18906 : 0.619940
18909 18917 - 18878 18886 : 0.503836
18963 18972 - 18965 18974 : 0.578968
19083 19090 - 19059 19066 : 0.557440
19162 19172 - 19119 19129 : 0.506241
19339 19347 - 19352 19360 : 0.577910
19348 19359 - 19337 19348 : 0.541802
19477 19489 - 19495 19507 : 0.545671
19496 19505 - 19515 19524 : 0.590397
1951 1963 - 1969 1981 : 0.545671
19612 19620 - 19585 19593 : 0.577910
1970 1979 - 1989 1998 : 0.590397
19721 19732 - 19735 19746 : 0.519943
19757 19766 - 19800 19809 : 0.512183
19787 19802 - 19761 19776 : 0.527232
19849 19857 - 19888 19896 : 0.530556
19909 19917 - 19922 19930 : 0.528968
19928 19936 - 19977 19985 : 0.514153
19941 19951 - 19949 19959 : 0.506782
208 218 - 215 225 : 0.565332
2086 2094 - 2059 2067 : 0.577910
2195 2206 - 2209 2220 : 0.519943
223 231 - 258 266 : 0.519709
2231 2240 - 2274 2283 : 0.512183
2261 2276 - 2235 2250 : 0.527232
2323 2331 - 2362 2370 : 0.530556
2383 2391 - 2396 2404 : 0.528968
2415 2425 - 2423 2433 : 0.506782
2489 2498 - 2444 2453 : 0.553016
2511 2521 - 2500 2510 : 0.542605
2535 2544 - 2513 2522 : 0.569683
2587 2596 - 2587 2596 : 0.528016
2632 2645 - 2622 2635 : 0.596800
2661 2669 - 2676 2684 : 0.519709
2700 2712 - 2718 2730 : 0.500616
2733 2742 - 2754 2763 : 0.536349
2746 2754 - 2754 2762 : 0.503836
2779 2787 - 2737 2745 : 0.577910
278 286 - 292 300 : 0.518651
2924 2938 - 2943 2957 : 0.524552
2945 2953 - 2969 2977 : 0.513095
2955 2962 - 2999 3006 : 0.522024
3123 3138 - 3126 3141 : 0.531602
3126 3139 - 3129 3142 : 0.501758
3155 3165 - 3149 3159 : 0.512698
3270 3278 - 3237 3245 : 0.567593
340 349 - 308 317 : 0.553968
3429 3438 - 3430 3439 : 0.527063
355 364 - 342 351 : 0.527063
3613 3622 - 3595 3604 : 0.569683
3744 3751 - 3791 3798 : 0.547024
3822 3838 - 3811 3827 : 0.544219
3950 3958 - 3932 3940 : 0.503836
4031 4040 - 4025 4034 : 0.533968
4153 4165 - 4127 4139 : 0.686361
4284 4292 - 4246 4254 : 0.564947
4368 4376 - 4350 4358 : 0.699339
4464 4475 - 4513 4524 : 0.575797
4497 4507 - 4514 4524 : 0.527345
4587 4599 - 4604 4616 : 0.509529
4698 4706 - 4708 4716 : 0.506746
4716 4725 - 4670 4679 : 0.519683
4753 4764 - 4772 4783 : 0.513297
4831 4845 - 4800 4814 : 0.592356
4992 5003 - 5013 5024 : 0.553211
5027 5036 - 5013 5022 : 0.522302
5123 5132 - 5087 5096 : 0.567302
5324 5333 - 5356 5365 : 0.578968
5448 5457 - 5476 5485 : 0.528016
5548 5555 - 5522 5529 : 0.759524
5610 5621 - 5571 5582 : 0.503938
5730 5737 - 5706 5713 : 0.599107
5751 5758 - 5762 5769 : 0.599107
5806 5815 - 5824 5833 : 0.502063
5812 5824 - 5780 5792 : 0.552597
5834 5845 - 5853 5864 : 0.534361
5884 5892 - 5836 5844 : 0.540873
5940 5948 - 5894 5902 : 0.577910
600 609 - 627 636 : 0.553968
6062 6071 - 6049 6058 : 0.550635
6091 6102 - 6099 6110 : 0.540711
623 631 - 596 604 : 0.593783
6244 6256 - 6233 6245 : 0.676193
6300 6307 - 6311 6318 : 0.515774
6409 6418 - 6398 6407 : 0.628968
6468 6481 - 6471 6484 : 0.513779
6583 6590 - 6601 6608 : 0.540774
6683 6692 - 6714 6723 : 0.595635
6698 6707 - 6728 6737 : 0.520516
6755 6763 - 6760 6768 : 0.556746
6772 6781 - 6782 6791 : 0.628968
683 696 - 704 717 : 0.526835
6861 6873 - 6827 6839 : 0.513284
6940 6949 - 6937 6946 : 0.600635
6962 6972 - 6985 6995 : 0.512698
698 706 - 655 663 : 0.514153
6983 6995 - 7027 7039 : 0.535262
7088 7097 - 7052 7061 : 0.520516
7151 7166 - 7142 7157 : 0.560786
7204 7213 - 7220 7229 : 0.578968
7233 7242 - 7243 7252 : 0.527063
7300 7310 - 7330 7340 : 0.565729
7351 7358 - 7310 7317 : 0.557440
7390 7402 - 7357 7369 : 0.510506
7427 7435 - 7451 7459 : 0.577910
7439 7450 - 7393 7404 : 0.503938
770 786 - 811 827 : 0.511051
7778 7790 - 7754 7766 : 0.518839
7812 7820 - 7791 7799 : 0.510450
7826 7834 - 7814 7822 : 0.540873
7889 7897 - 7842 7850 : 0.593783
8102 8116 - 8056 8070 : 0.569785
8120 8130 - 8118 8128 : 0.604726
8183 8190 - 8210 8217 : 0.547024
832 841 - 842 851 : 0.507183
8331 8340 - 8298 8307 : 0.502063
8514 8523 - 8538 8547 : 0.528968
8571 8581 - 8581 8591 : 0.545527
8590 8602 - 8559 8571 : 0.580134
8648 8655 - 8649 8656 : 0.557440
8811 8819 - 8786 8794 : 0.540873
8926 8935 - 8953 8962 : 0.545635
8971 8981 - 8978 8988 : 0.565332
8986 8994 - 9021 9029 : 0.519709
9041 9049 - 9055 9063 : 0.518651
9103 9112 - 9071 9080 : 0.553968
9118 9127 - 9105 9114 : 0.527063
9363 9372 - 9390 9399 : 0.553968
9386 9394 - 9359 9367 : 0.593783
9446 9459 - 9467 9480 : 0.526835
9461 9469 - 9418 9426 : 0.514153
9533 9549 - 9574 9590 : 0.511051
9595 9604 - 9605 9614 : 0.507183
9756 9765 - 9717 9726 : 0.577063
9810 9821 - 9825 9836 : 0.505889
9849 9857 - 9897 9905 : 0.662302
9897 9905 - 9884 9892 : 0.503836
993 1002 - 954 963 : 0.577063
9962 9970 - 9976 9984 : 0.540873
