10059 10068 - 10031 10040 : 0.578968
10088 10096 - 10092 10100 : 0.553042
10146 10154 - 10125 10133 : 0.593783
10200 10209 - 10202 10211 : 0.578968
10250 10257 - 10266 10273 : 0.578274
10386 10395 - 10383 10392 : 0.578968
10399 10409 - 10356 10366 : 0.506241
10442 10450 - 10409 10417 : 0.503836
10538 10547 - 10518 10527 : 0.503016
10576 10584 - 10589 10597 : 0.550132
10585 10594 - 10574 10583 : 0.632183
10669 10685 - 10634 10650 : 0.543450
10714 10726 - 10732 10744 : 0.545671
10777 10787 - 10772 10782 : 0.572799
1080 1090 - 1042 1052 : 0.520274
10849 10857 - 10822 10830 : 0.577910
10911 10920 - 10952 10961 : 0.557183
10928 10940 - 10952 10964 : 0.531416
11024 11039 - 10998 11013 : 0.527232
1108 1117 - 1112 1121 : 0.500635
11084 11095 - 11117 11128 : 0.553211
11111 11119 - 11136 11144 : 0.519709
11178 11188 - 11186 11196 : 0.506782
11252 11261 - 11207 11216 : 0.553016
11277 11285 - 11314 11322 : 0.577910
11352 11360 - 11352 11360 : 0.528968
11395 11408 - 11385 11398 : 0.596800
11399 11409 - 11389 11399 : 0.556241
11525 11534 - 11490 11499 : 0.528968
11700 11711 - 11679 11690 : 0.569580
11718 11725 - 11762 11769 : 0.522024
11726 11733 - 11730 11737 : 0.501190
11889 11902 - 11892 11905 : 0.501758
11918 11928 - 11912 11922 : 0.512698
12143 12153 - 12136 12146 : 0.535029
12254 12264 - 12302 12312 : 0.512302
12317 12326 - 12275 12284 : 0.590516
12376 12386 - 12358 12368 : 0.504618
12507 12514 - 12554 12561 : 0.547024
12643 12651 - 12648 12656 : 0.503836
12794 12803 - 12788 12797 : 0.533968
12873 12882 - 12898 12907 : 0.667302
1296 1305 - 1268 1277 : 0.578968
13013 13020 - 13008 13015 : 0.557440
13104 13115 - 13134 13145 : 0.525433
13131 13139 - 13113 13121 : 0.699339
13227 13238 - 13276 13287 : 0.575797
1325 1333 - 1329 1337 : 0.553042
13479 13488 - 13433 13442 : 0.519683
13580 13590 - 13600 13610 : 0.565729
13594 13608 - 13563 13577 : 0.592356
13657 13665 - 13658 13666 : 0.509392
13664 13675 - 13626 13637 : 0.553211
13759 13768 - 13735 13744 : 0.528968
1383 1391 - 1362 1370 : 0.593783
13989 13998 - 13947 13956 : 0.520635
14059 14068 - 14045 14054 : 0.595635
14115 14124 - 14156 14165 : 0.578968
14151 14158 - 14117 14124 : 0.515774
14211 14220 - 14239 14248 : 0.528016
14240 14253 - 14259 14272 : 0.553943
14341 14349 - 14377 14385 : 0.525265
1437 1446 - 1439 1448 : 0.578968
14373 14384 - 14334 14345 : 0.503938
14493 14501 - 14479 14487 : 0.540873
14630 14640 - 14627 14637 : 0.595635
14814 14823 - 14802 14811 : 0.520516
14825 14834 - 14812 14821 : 0.550635
14858 14870 - 14854 14866 : 0.531416
1487 1494 - 1503 1510 : 0.578274
14932 14940 - 14953 14961 : 0.510450
14991 14999 - 15010 15018 : 0.588228
15025 15033 - 15039 15047 : 0.540873
15063 15070 - 15074 15081 : 0.515774
15172 15181 - 15161 15170 : 0.628968
15231 15244 - 15234 15247 : 0.513779
15327 15335 - 15304 15312 : 0.519709
15362 15372 - 15321 15331 : 0.505123
15387 15400 - 15430 15443 : 0.500514
15462 15471 - 15441 15450 : 0.533968
15518 15526 - 15523 15531 : 0.556746
15535 15544 - 15545 15554 : 0.628968
15636 15642 - 15649 15655 : 0.504762
15669 15677 - 15636 15644 : 0.662302
15725 15735 - 15748 15758 : 0.512698
15746 15758 - 15790 15802 : 0.535262
15849 15858 - 15817 15826 : 0.506230
15914 15925 - 15905 15916 : 0.563528
15927 15935 - 15940 15948 : 0.636376
15996 16004 - 16006 16014 : 0.577910
16025 16034 - 15983 15992 : 0.503016
16063 16073 - 16093 16103 : 0.565729
16114 16121 - 16073 16080 : 0.522024
16331 16339 - 16324 16332 : 0.577910
1636 1646 - 1593 1603 : 0.506241
16366 16374 - 16365 16373 : 0.556746
16552 16562 - 16504 16514 : 0.521789
16589 16597 - 16577 16585 : 0.540873
16651 16660 - 16604 16613 : 0.507183
16746 16754 - 16766 16774 : 0.513095
1679 1687 - 1646 1654 : 0.503836
16823 16829 - 16776 16782 : 0.521429
16865 16879 - 16819 16833 : 0.569785
16883 16893 - 16881 16891 : 0.604726
16911 16921 - 16945 16955 : 0.519408
16947 16954 - 16937 16944 : 0.505357
17094 17103 - 17061 17070 : 0.502063
17125 17134 - 17166 17175 : 0.517302
17154 17163 - 17152 17161 : 0.542302
17334 17344 - 17344 17354 : 0.545527
17353 17365 - 17322 17334 : 0.580134
17390 17398 - 17366 17374 : 0.503836
17509 17516 - 17521 17528 : 0.501190
17559 17568 - 17510 17519 : 0.520635
17734 17744 - 17741 17751 : 0.565332
1775 1784 - 1755 1764 : 0.503016
17814 17828 - 17850 17864 : 0.510769
17838 17848 - 17873 17883 : 0.510786
17866 17875 - 17834 17843 : 0.553968
17939 17948 - 17965 17974 : 0.531230
18126 18135 - 18153 18162 : 0.553968
1813 1821 - 1826 1834 : 0.550132
18149 18157 - 18122 18130 : 0.543783
18209 18222 - 18230 18243 : 0.526835
1822 1831 - 1811 1820 : 0.632183
18240 18250 - 18280 18290 : 0.565332
18414 18426 - 18390 18402 : 0.509127
18438 18448 - 18477 18487 : 0.512698
18573 18584 - 18588 18599 : 0.505889
18606 18616 - 18568 18578 : 0.520274
18634 18643 - 18638 18647 : 0.500635
18660 18668 - 18647 18655 : 0.503836
18822 18831 - 18794 18803 : 0.578968
18851 18859 - 18855 18863 : 0.553042
18909 18917 - 18888 18896 : 0.593783
18963 18972 - 18965 18974 : 0.578968
19013 19020 - 19029 19036 : 0.578274
1906 1922 - 1871 1887 : 0.543450
19149 19158 - 19146 19155 : 0.578968
19162 19172 - 19119 19129 : 0.506241
19205 19213 - 19172 19180 : 0.503836
19301 19310 - 19281 19290 : 0.503016
19339 19347 - 19352 19360 : 0.550132
19348 19357 - 19337 19346 : 0.632183
19432 19448 - 19397 19413 : 0.543450
19477 19489 - 19495 19507 : 0.545671
1951 1963 - 1969 1981 : 0.545671
19540 19550 - 19535 19545 : 0.572799
19612 19620 - 19585 19593 : 0.577910
19674 19683 - 19715 19724 : 0.557183
19691 19703 - 19715 19727 : 0.531416
19787 19802 - 19761 19776 : 0.527232
19847 19858 - 19880 19891 : 0.553211
19874 19882 - 19899 19907 : 0.519709
19941 19951 - 19949 19959 : 0.506782
20015 20024 - 19970 19979 : 0.553016
20040 20048 - 20077 20085 : 0.577910
20115 20123 - 20115 20123 : 0.528968
2014 2024 - 2009 2019 : 0.572799
20158 20171 - 20148 20161 : 0.596800
20162 20172 - 20152 20162 : 0.556241
20288 20297 - 20253 20262 : 0.528968
20463 20474 - 20442 20453 : 0.569580
20481 20488 - 20525 20532 : 0.522024
20489 20496 - 20493 20500 : 0.501190
20652 20665 - 20655 20668 : 0.501758
20681 20691 - 20675 20685 : 0.512698
208 218 - 215 225 : 0.565332
2086 2094 - 2059 2067 : 0.577910
20906 20916 - 20899 20909 : 0.535029
21017 21027 - 21065 21075 : 0.512302
21080 21089 - 21038 21047 : 0.590516
21139 21149 - 21121 21131 : 0.504618
21270 21277 - 21317 21324 : 0.547024
21406 21414 - 21411 21419 : 0.503836
21557 21566 - 21551 21560 : 0.533968
21636 21645 - 21661 21670 : 0.667302
2165 2177 - 2189 2201 : 0.531416
21776 21783 - 21771 21778 : 0.557440
21867 21878 - 21897 21908 : 0.525433
21894 21902 - 21876 21884 : 0.699339
21990 22001 - 22039 22050 : 0.575797
22242 22251 - 22196 22205 : 0.519683
22343 22353 - 22363 22373 : 0.565729
22357 22371 - 22326 22340 : 0.592356
22420 22428 - 22421 22429 : 0.509392
22427 22438 - 22389 22400 : 0.553211
22522 22531 - 22498 22507 : 0.528968
2261 2276 - 2235 2250 : 0.527232
22752 22761 - 22710 22719 : 0.520635
22822 22831 - 22808 22817 : 0.595635
22878 22887 - 22919 22928 : 0.578968
22914 22921 - 22880 22887 : 0.515774
22974 22983 - 23002 23011 : 0.528016
23003 23016 - 23022 23035 : 0.553943
23104 23112 - 23140 23148 : 0.525265
23136 23147 - 23097 23108 : 0.503938
2321 2332 - 2354 2365 : 0.553211
23256 23264 - 23242 23250 : 0.540873
23393 23403 - 23390 23400 : 0.595635
2348 2356 - 2373 2381 : 0.519709
23577 23586 - 23565 23574 : 0.520516
23588 23597 - 23575 23584 : 0.550635
23621 23633 - 23617 23629 : 0.531416
23695 23703 - 23716 23724 : 0.510450
23754 23762 - 23773 23781 : 0.588228
23788 23796 - 23802 23810 : 0.540873
23826 23833 - 23837 23844 : 0.515774
23935 23944 - 23924 23933 : 0.628968
23994 24007 - 23997 24010 : 0.513779
24090 24098 - 24067 24075 : 0.519709
24125 24135 - 24084 24094 : 0.505123
2415 2425 - 2423 2433 : 0.506782
24150 24163 - 24193 24206 : 0.500514
24225 24234 - 24204 24213 : 0.533968
24281 24289 - 24286 24294 : 0.556746
24298 24307 - 24308 24317 : 0.628968
24399 24405 - 24412 24418 : 0.504762
24432 24440 - 24399 24407 : 0.662302
24488 24498 - 24511 24521 : 0.512698
24509 24521 - 24553 24565 : 0.535262
24612 24621 - 24580 24589 : 0.506230
24677 24688 - 24668 24679 : 0.563528
24690 24698 - 24703 24711 : 0.636376
24759 24767 - 24769 24777 : 0.577910
24788 24797 - 24746 24755 : 0.503016
24826 24836 - 24856 24866 : 0.565729
24877 24884 - 24836 24843 : 0.522024
2489 2498 - 2444 2453 : 0.553016
25094 25102 - 25087 25095 : 0.577910
25129 25137 - 25128 25136 : 0.556746
2514 2522 - 2551 2559 : 0.577910
25315 25325 - 25267 25277 : 0.521789
25352 25360 - 25340 25348 : 0.540873
25414 25423 - 25367 25376 : 0.507183
25509 25517 - 25529 25537 : 0.513095
25586 25592 - 25539 25545 : 0.521429
25628 25642 - 25582 25596 : 0.569785
25646 25656 - 25644 25654 : 0.604726
25674 25684 - 25708 25718 : 0.519408
25710 25717 - 25700 25707 : 0.505357
25857 25866 - 25824 25833 : 0.502063
25888 25897 - 25929 25938 : 0.517302
25917 25926 - 25915 25924 : 0.542302
26097 26107 - 26107 26117 : 0.545527
26116 26128 - 26085 26097 : 0.580134
26153 26161 - 26129 26137 : 0.503836
26272 26279 - 26284 26291 : 0.501190
2632 2645 - 2622 2635 : 0.596800
26322 26331 - 26273 26282 : 0.520635
2636 2646 - 2626 2636 : 0.556241
26497 26507 - 26504 26514 : 0.565332
26577 26591 - 26613 26627 : 0.510769
26601 26611 - 26636 26646 : 0.510786
26629 26638 - 26597 26606 : 0.553968
26702 26711 - 26728 26737 : 0.531230
26889 26898 - 26916 26925 : 0.553968
26912 26920 - 26885 26893 : 0.543783
26972 26985 - 26993 27006 : 0.526835
27003 27013 - 27043 27053 : 0.565332
27177 27187 - 27128 27138 : 0.537085
27177 27189 - 27153 27165 : 0.509127
27201 27211 - 27240 27250 : 0.512698
27336 27347 - 27351 27362 : 0.505889
27369 27379 - 27331 27341 : 0.520274
27397 27406 - 27401 27410 : 0.500635
27423 27431 - 27410 27418 : 0.503836
27585 27594 - 27557 27566 : 0.578968
27614 27622 - 27618 27626 : 0.553042
2762 2771 - 2727 2736 : 0.528968
27672 27680 - 27651 27659 : 0.593783
27726 27735 - 27728 27737 : 0.578968
27776 27783 - 27792 27799 : 0.578274
27912 27921 - 27909 27918 : 0.578968
27925 27935 - 27882 27892 : 0.506241
27968 27976 - 27935 27943 : 0.503836
28064 28073 - 28044 28053 : 0.503016
28102 28110 - 28115 28123 : 0.550132
28111 28120 - 28100 28109 : 0.632183
28195 28211 - 28160 28176 : 0.543450
28240 28252 - 28258 28270 : 0.545671
28303 28313 - 28298 28308 : 0.572799
28375 28383 - 28348 28356 : 0.577910
28437 28446 - 28478 28487 : 0.557183
28454 28466 - 28478 28490 : 0.531416
28550 28565 - 28524 28539 : 0.527232
28610 28621 - 28643 28654 : 0.553211
28637 28645 - 28662 28670 : 0.519709
28704 28714 - 28712 28722 : 0.506782
28778 28787 - 28733 28742 : 0.553016
288 302 - 324 338 : 0.510769
28803 28811 - 28840 28848 : 0.577910
28878 28886 - 28878 28886 : 0.528968
28921 28934 - 28911 28924 : 0.596800
28925 28935 - 28915 28925 : 0.556241
29051 29060 - 29016 29025 : 0.528968
29226 29237 - 29205 29216 : 0.569580
29244 29251 - 29288 29295 : 0.522024
29252 29259 - 29256 29263 : 0.501190
2937 2948 - 2916 2927 : 0.569580
29415 29428 - 29418 29431 : 0.501758
29444 29454 - 29438 29448 : 0.512698
2955 2962 - 2999 3006 : 0.522024
2963 2970 - 2967 2974 : 0.501190
29669 29679 - 29662 29672 : 0.535029
29780 29790 - 29828 29838 : 0.512302
29843 29852 - 29801 29810 : 0.590516
29902 29912 - 29884 29894 : 0.504618
30033 30040 - 30080 30087 : 0.547024
30169 30177 - 30174 30182 : 0.503836
30320 30329 - 30314 30323 : 0.533968
30399 30408 - 30424 30433 : 0.667302
30539 30546 - 30534 30541 : 0.557440
30630 30641 - 30660 30671 : 0.525433
30657 30665 - 30639 30647 : 0.699339
30753 30764 - 30802 30813 : 0.575797
31005 31014 - 30959 30968 : 0.519683
31106 31116 - 31126 31136 : 0.565729
31120 31134 - 31089 31103 : 0.592356
31183 31191 - 31184 31192 : 0.509392
31190 31201 - 31152 31163 : 0.553211
3126 3139 - 3129 3142 : 0.501758
31285 31294 - 31261 31270 : 0.528968
31515 31524 - 31473 31482 : 0.520635
3155 3165 - 3149 3159 : 0.512698
31585 31594 - 31571 31580 : 0.595635
31641 31650 - 31682 31691 : 0.578968
31677 31684 - 31643 31650 : 0.515774
31737 31746 - 31765 31774 : 0.528016
31766 31779 - 31785 31798 : 0.553943
31867 31875 - 31903 31911 : 0.525265
31899 31910 - 31860 31871 : 0.503938
32019 32027 - 32005 32013 : 0.540873
32156 32166 - 32153 32163 : 0.595635
32340 32349 - 32328 32337 : 0.520516
32351 32360 - 32338 32347 : 0.550635
32384 32396 - 32380 32392 : 0.531416
32458 32466 - 32479 32487 : 0.510450
32517 32525 - 32536 32544 : 0.588228
32551 32559 - 32565 32573 : 0.540873
32589 32596 - 32600 32607 : 0.515774
32698 32707 - 32687 32696 : 0.628968
32757 32770 - 32760 32773 : 0.513779
32853 32861 - 32830 32838 : 0.519709
32888 32898 - 32847 32857 : 0.505123
32913 32926 - 32956 32969 : 0.500514
32988 32997 - 32967 32976 : 0.533968
33044 33052 - 33049 33057 : 0.556746
33061 33070 - 33071 33080 : 0.628968
33162 33168 - 33175 33181 : 0.504762
33195 33203 - 33162 33170 : 0.662302
33251 33261 - 33274 33284 : 0.512698
33272 33284 - 33316 33328 : 0.535262
33375 33384 - 33343 33352 : 0.506230
33440 33451 - 33431 33442 : 0.563528
33453 33461 - 33466 33474 : 0.636376
33522 33530 - 33532 33540 : 0.577910
33551 33560 - 33509 33518 : 0.503016
33589 33599 - 33619 33629 : 0.565729
33640 33647 - 33599 33606 : 0.522024
33738 33748 - 33771 33781 : 0.619877
33857 33865 - 33850 33858 : 0.577910
33892 33900 - 33891 33899 : 0.556746
340 349 - 308 317 : 0.553968
34078 34088 - 34030 34040 : 0.521789
34115 34123 - 34103 34111 : 0.540873
34177 34186 - 34130 34139 : 0.507183
34272 34280 - 34292 34300 : 0.513095
34349 34355 - 34302 34308 : 0.521429
34391 34405 - 34345 34359 : 0.569785
34409 34419 - 34407 34417 : 0.604726
34437 34447 - 34471 34481 : 0.519408
34473 34480 - 34463 34470 : 0.505357
34620 34629 - 34587 34596 : 0.502063
34651 34660 - 34692 34701 : 0.517302
34680 34689 - 34678 34687 : 0.542302
34860 34870 - 34870 34880 : 0.545527
34879 34891 - 34848 34860 : 0.580134
3491 3501 - 3539 3549 : 0.512302
35035 35042 - 35047 35054 : 0.501190
35085 35094 - 35036 35045 : 0.520635
35260 35270 - 35267 35277 : 0.565332
35340 35354 - 35376 35390 : 0.510769
35364 35374 - 35399 35409 : 0.510786
35392 35401 - 35360 35369 : 0.553968
35465 35474 - 35491 35500 : 0.531230
3554 3563 - 3512 3521 : 0.590516
35652 35661 - 35679 35688 : 0.553968
35675 35683 - 35648 35656 : 0.543783
35735 35748 - 35756 35769 : 0.526835
35766 35776 - 35806 35816 : 0.565332
35940 35950 - 35891 35901 : 0.537085
35940 35952 - 35916 35928 : 0.509127
35964 35974 - 36003 36013 : 0.512698
36099 36110 - 36114 36125 : 0.505889
3613 3623 - 3595 3605 : 0.504618
36132 36142 - 36094 36104 : 0.520274
36160 36169 - 36164 36173 : 0.500635
36186 36194 - 36173 36181 : 0.503836
36348 36357 - 36320 36329 : 0.578968
36377 36385 - 36381 36389 : 0.553042
36435 36443 - 36414 36422 : 0.593783
36489 36498 - 36491 36500 : 0.578968
36539 36546 - 36555 36562 : 0.578274
36675 36684 - 36672 36681 : 0.578968
36688 36698 - 36645 36655 : 0.506241
36731 36739 - 36698 36706 : 0.503836
36827 36836 - 36807 36816 : 0.503016
36865 36873 - 36878 36886 : 0.550132
36874 36883 - 36863 36872 : 0.632183
36958 36974 - 36923 36939 : 0.543450
37003 37015 - 37021 37033 : 0.545671
37066 37076 - 37061 37071 : 0.572799
37138 37146 - 37111 37119 : 0.577910
37200 37209 - 37241 37250 : 0.557183
37217 37229 - 37241 37253 : 0.531416
37313 37328 - 37287 37302 : 0.527232
37373 37384 - 37406 37417 : 0.553211
37400 37408 - 37425 37433 : 0.519709
3744 3751 - 3791 3798 : 0.547024
37467 37477 - 37475 37485 : 0.506782
37541 37550 - 37496 37505 : 0.553016
37566 37574 - 37603 37611 : 0.577910
37641 37649 - 37641 37649 : 0.528968
37684 37697 - 37674 37687 : 0.596800
37688 37698 - 37678 37688 : 0.556241
37814 37823 - 37779 37788 : 0.528968
37989 38000 - 37968 37979 : 0.569580
38007 38014 - 38051 38058 : 0.522024
38015 38022 - 38019 38026 : 0.501190
38178 38191 - 38181 38194 : 0.501758
38207 38217 - 38201 38211 : 0.512698
38432 38442 - 38425 38435 : 0.535029
38543 38553 - 38591 38601 : 0.512302
38606 38615 - 38564 38573 : 0.590516
38665 38675 - 38647 38657 : 0.504618
38796 38803 - 38843 38850 : 0.547024
3880 3888 - 3885 3893 : 0.503836
38932 38940 - 38937 38945 : 0.503836
39083 39092 - 39077 39086 : 0.533968
39162 39171 - 39187 39196 : 0.667302
39302 39309 - 39297 39304 : 0.557440
39393 39404 - 39423 39434 : 0.525433
39420 39428 - 39402 39410 : 0.699339
39516 39527 - 39565 39576 : 0.575797
39768 39777 - 39722 39731 : 0.519683
39869 39879 - 39889 39899 : 0.565729
39883 39897 - 39852 39866 : 0.592356
39946 39954 - 39947 39955 : 0.509392
39953 39964 - 39915 39926 : 0.553211
40048 40057 - 40024 40033 : 0.528968
40278 40287 - 40236 40245 : 0.520635
4031 4040 - 4025 4034 : 0.533968
40348 40357 - 40334 40343 : 0.595635
40404 40413 - 40445 40454 : 0.578968
40440 40447 - 40406 40413 : 0.515774
40500 40509 - 40528 40537 : 0.528016
40529 40542 - 40548 40561 : 0.553943
40630 40638 - 40666 40674 : 0.525265
40662 40673 - 40623 40634 : 0.503938
40782 40790 - 40768 40776 : 0.540873
40919 40929 - 40916 40926 : 0.595635
4110 4119 - 4135 4144 : 0.667302
41114 41123 - 41101 41110 : 0.550635
41147 41159 - 41143 41155 : 0.531416
41221 41229 - 41242 41250 : 0.510450
41280 41288 - 41299 41307 : 0.588228
413 422 - 439 448 : 0.531230
41314 41322 - 41328 41336 : 0.540873
41352 41359 - 41363 41370 : 0.515774
41461 41470 - 41450 41459 : 0.628968
41520 41533 - 41523 41536 : 0.513779
41616 41624 - 41593 41601 : 0.519709
41651 41661 - 41610 41620 : 0.505123
41676 41689 - 41719 41732 : 0.500514
41751 41760 - 41730 41739 : 0.533968
41807 41815 - 41812 41820 : 0.556746
41824 41833 - 41834 41843 : 0.628968
41925 41931 - 41938 41944 : 0.504762
41958 41966 - 41925 41933 : 0.662302
42014 42024 - 42037 42047 : 0.512698
42035 42047 - 42079 42091 : 0.535262
42138 42147 - 42106 42115 : 0.506230
42203 42214 - 42194 42205 : 0.563528
42216 42224 - 42229 42237 : 0.636376
42285 42293 - 42295 42303 : 0.577910
42314 42323 - 42272 42281 : 0.503016
42352 42362 - 42382 42392 : 0.565729
42403 42410 - 42362 42369 : 0.522024
4250 4257 - 4245 4252 : 0.557440
42620 42628 - 42613 42621 : 0.577910
42655 42663 - 42654 42662 : 0.556746
42841 42851 - 42793 42803 : 0.521789
42878 42886 - 42866 42874 : 0.540873
42940 42949 - 42893 42902 : 0.507183
43035 43043 - 43055 43063 : 0.513095
43112 43118 - 43065 43071 : 0.521429
43154 43168 - 43108 43122 : 0.569785
43172 43182 - 43170 43180 : 0.604726
43200 43210 - 43234 43244 : 0.519408
43236 43243 - 43226 43233 : 0.505357
43383 43392 - 43350 43359 : 0.502063
4341 4352 - 4371 4382 : 0.525433
43443 43452 - 43441 43450 : 0.542302
43623 43633 - 43633 43643 : 0.545527
43642 43654 - 43611 43623 : 0.580134
43679 43687 - 43655 43663 : 0.503836
4368 4376 - 4350 4358 : 0.699339
43798 43805 - 43810 43817 : 0.501190
43848 43857 - 43799 43808 : 0.520635
44023 44033 - 44030 44040 : 0.565332
44103 44117 - 44139 44153 : 0.510769
44127 44137 - 44162 44172 : 0.510786
44155 44164 - 44123 44132 : 0.553968
44228 44237 - 44254 44263 : 0.531230
44415 44424 - 44442 44451 : 0.553968
44438 44446 - 44411 44419 : 0.543783
44498 44511 - 44519 44532 : 0.526835
44529 44539 - 44569 44579 : 0.565332
4464 4475 - 4513 4524 : 0.575797
44703 44713 - 44654 44664 : 0.537085
44703 44715 - 44679 44691 : 0.509127
44727 44737 - 44766 44776 : 0.512698
44862 44873 - 44877 44888 : 0.505889
44895 44905 - 44857 44867 : 0.520274
44923 44932 - 44927 44936 : 0.500635
44949 44957 - 44936 44944 : 0.503836
45111 45120 - 45083 45092 : 0.578968
45140 45148 - 45144 45152 : 0.553042
45198 45206 - 45177 45185 : 0.593783
45252 45261 - 45254 45263 : 0.578968
45302 45309 - 45318 45325 : 0.578274
45438 45447 - 45435 45444 : 0.578968
45451 45461 - 45408 45418 : 0.506241
45494 45502 - 45461 45469 : 0.503836
45590 45599 - 45570 45579 : 0.503016
45628 45636 - 45641 45649 : 0.550132
45637 45646 - 45626 45635 : 0.632183
45721 45737 - 45686 45702 : 0.543450
45766 45778 - 45784 45796 : 0.545671
45829 45839 - 45824 45834 : 0.572799
45901 45909 - 45874 45882 : 0.577910
45963 45972 - 46004 46013 : 0.557183
45980 45992 - 46004 46016 : 0.531416
46076 46091 - 46050 46065 : 0.527232
46136 46147 - 46169 46180 : 0.553211
46163 46171 - 46188 46196 : 0.519709
46230 46240 - 46238 46248 : 0.506782
46304 46313 - 46259 46268 : 0.553016
46329 46337 - 46366 46374 : 0.577910
46404 46412 - 46404 46412 : 0.528968
46447 46460 - 46437 46450 : 0.596800
46451 46461 - 46441 46451 : 0.556241
46577 46586 - 46542 46551 : 0.528968
46752 46763 - 46731 46742 : 0.569580
46770 46777 - 46814 46821 : 0.522024
46778 46785 - 46782 46789 : 0.501190
46941 46954 - 46944 46957 : 0.501758
46970 46980 - 46964 46974 : 0.512698
4716 4725 - 4670 4679 : 0.519683
47195 47205 - 47188 47198 : 0.535029
47306 47316 - 47354 47364 : 0.512302
47369 47378 - 47327 47336 : 0.590516
47428 47438 - 47410 47420 : 0.504618
47559 47566 - 47606 47613 : 0.547024
47695 47703 - 47700 47708 : 0.503836
47846 47855 - 47840 47849 : 0.533968
47925 47934 - 47950 47959 : 0.667302
48065 48072 - 48060 48067 : 0.557440
48156 48167 - 48186 48197 : 0.525433
4817 4827 - 4837 4847 : 0.565729
48183 48191 - 48165 48173 : 0.699339
48279 48290 - 48328 48339 : 0.575797
4831 4845 - 4800 4814 : 0.592356
48531 48540 - 48485 48494 : 0.519683
48632 48642 - 48652 48662 : 0.565729
48646 48660 - 48615 48629 : 0.592356
48709 48717 - 48710 48718 : 0.509392
48716 48727 - 48678 48689 : 0.553211
48811 48820 - 48787 48796 : 0.528968
4901 4912 - 4863 4874 : 0.553211
49041 49050 - 48999 49008 : 0.520635
49111 49120 - 49097 49106 : 0.595635
49167 49176 - 49208 49217 : 0.578968
49203 49210 - 49169 49176 : 0.515774
49263 49272 - 49291 49300 : 0.528016
49292 49305 - 49311 49324 : 0.553943
49393 49401 - 49429 49437 : 0.525265
49425 49436 - 49386 49397 : 0.503938
49545 49553 - 49531 49539 : 0.540873
49682 49692 - 49679 49689 : 0.595635
49866 49875 - 49854 49863 : 0.520516
49877 49886 - 49864 49873 : 0.550635
49910 49922 - 49906 49918 : 0.531416
49984 49992 - 50005 50013 : 0.510450
50043 50051 - 50062 50070 : 0.588228
50077 50085 - 50091 50099 : 0.540873
50115 50122 - 50126 50133 : 0.515774
50224 50233 - 50213 50222 : 0.628968
50283 50296 - 50286 50299 : 0.513779
50379 50387 - 50356 50364 : 0.519709
50414 50424 - 50373 50383 : 0.505123
50439 50452 - 50482 50495 : 0.500514
50514 50523 - 50493 50502 : 0.533968
50570 50578 - 50575 50583 : 0.556746
50587 50596 - 50597 50606 : 0.628968
50688 50694 - 50701 50707 : 0.504762
50721 50729 - 50688 50696 : 0.662302
50777 50787 - 50800 50810 : 0.512698
50798 50810 - 50842 50854 : 0.535262
50901 50910 - 50869 50878 : 0.506230
50966 50977 - 50957 50968 : 0.563528
50979 50987 - 50992 51000 : 0.636376
51048 51056 - 51058 51066 : 0.577910
51077 51086 - 51035 51044 : 0.503016
51115 51125 - 51145 51155 : 0.565729
51166 51173 - 51125 51132 : 0.522024
51383 51391 - 51376 51384 : 0.577910
51418 51426 - 51417 51425 : 0.556746
51604 51614 - 51556 51566 : 0.521789
51641 51649 - 51629 51637 : 0.540873
51703 51712 - 51656 51665 : 0.507183
51798 51806 - 51818 51826 : 0.513095
51875 51881 - 51828 51834 : 0.521429
51917 51931 - 51871 51885 : 0.569785
51935 51945 - 51933 51943 : 0.604726
51963 51973 - 51997 52007 : 0.519408
51999 52006 - 51989 51996 : 0.505357
52146 52155 - 52113 52122 : 0.502063
52177 52186 - 52218 52227 : 0.517302
52206 52215 - 52204 52213 : 0.542302
5226 5235 - 5184 5193 : 0.520635
52386 52396 - 52396 52406 : 0.545527
52405 52417 - 52374 52386 : 0.580134
52442 52450 - 52418 52426 : 0.503836
52561 52568 - 52573 52580 : 0.501190
52611 52620 - 52562 52571 : 0.520635
52786 52796 - 52793 52803 : 0.565332
52866 52880 - 52902 52916 : 0.510769
52890 52900 - 52925 52935 : 0.510786
52918 52927 - 52886 52895 : 0.553968
5296 5305 - 5282 5291 : 0.595635
52991 53000 - 53017 53026 : 0.531230
53178 53187 - 53205 53214 : 0.553968
53201 53209 - 53174 53182 : 0.543783
53261 53274 - 53282 53295 : 0.526835
53292 53302 - 53332 53342 : 0.565332
53466 53476 - 53417 53427 : 0.537085
53466 53478 - 53442 53454 : 0.509127
53490 53500 - 53529 53539 : 0.512698
5352 5361 - 5393 5402 : 0.578968
53625 53636 - 53640 53651 : 0.505889
53658 53668 - 53620 53630 : 0.520274
53686 53695 - 53690 53699 : 0.500635
53712 53720 - 53699 53707 : 0.503836
53874 53883 - 53846 53855 : 0.578968
5388 5395 - 5354 5361 : 0.515774
53903 53911 - 53907 53915 : 0.553042
53961 53969 - 53940 53948 : 0.593783
54015 54024 - 54017 54026 : 0.578968
54065 54072 - 54081 54088 : 0.578274
54201 54210 - 54198 54207 : 0.578968
54214 54224 - 54171 54181 : 0.506241
54257 54265 - 54224 54232 : 0.503836
54353 54362 - 54333 54342 : 0.503016
54391 54399 - 54404 54412 : 0.550132
54400 54409 - 54389 54398 : 0.632183
5448 5457 - 5476 5485 : 0.528016
54484 54500 - 54449 54465 : 0.543450
54529 54541 - 54547 54559 : 0.545671
54592 54602 - 54587 54597 : 0.572799
54664 54672 - 54637 54645 : 0.577910
54726 54735 - 54767 54776 : 0.557183
54743 54755 - 54767 54779 : 0.531416
5477 5490 - 5496 5509 : 0.553943
54839 54854 - 54813 54828 : 0.527232
54899 54910 - 54932 54943 : 0.553211
54926 54934 - 54951 54959 : 0.519709
54993 55003 - 55001 55011 : 0.506782
55067 55076 - 55022 55031 : 0.553016
55092 55100 - 55129 55137 : 0.577910
55167 55175 - 55167 55175 : 0.528968
55210 55223 - 55200 55213 : 0.596800
55214 55224 - 55204 55214 : 0.556241
55340 55349 - 55305 55314 : 0.528968
55515 55526 - 55494 55505 : 0.569580
55533 55540 - 55577 55584 : 0.522024
55541 55548 - 55545 55552 : 0.501190
55704 55717 - 55707 55720 : 0.501758
55733 55743 - 55727 55737 : 0.512698
5578 5586 - 5614 5622 : 0.525265
55958 55968 - 55951 55961 : 0.535029
56069 56079 - 56117 56127 : 0.512302
5610 5621 - 5571 5582 : 0.503938
56132 56141 - 56090 56099 : 0.590516
56191 56201 - 56173 56183 : 0.504618
56322 56329 - 56369 56376 : 0.547024
56458 56466 - 56463 56471 : 0.503836
56609 56618 - 56603 56612 : 0.533968
56688 56697 - 56713 56722 : 0.667302
56828 56835 - 56823 56830 : 0.557440
56919 56930 - 56949 56960 : 0.525433
56946 56954 - 56928 56936 : 0.699339
57042 57053 - 57091 57102 : 0.575797
57294 57303 - 57248 57257 : 0.519683
5730 5738 - 5716 5724 : 0.540873
57395 57405 - 57415 57425 : 0.565729
57409 57423 - 57378 57392 : 0.592356
57472 57480 - 57473 57481 : 0.509392
57479 57490 - 57441 57452 : 0.553211
57574 57583 - 57550 57559 : 0.528968
57804 57813 - 57762 57771 : 0.520635
57874 57883 - 57860 57869 : 0.595635
57930 57939 - 57971 57980 : 0.578968
57966 57973 - 57932 57939 : 0.515774
58026 58035 - 58054 58063 : 0.528016
58055 58068 - 58074 58087 : 0.553943
58156 58164 - 58192 58200 : 0.525265
58188 58199 - 58149 58160 : 0.503938
58308 58316 - 58294 58302 : 0.540873
58445 58455 - 58442 58452 : 0.595635
58629 58638 - 58617 58626 : 0.520516
58640 58649 - 58627 58636 : 0.550635
5867 5877 - 5864 5874 : 0.595635
58673 58685 - 58669 58681 : 0.531416
58747 58755 - 58768 58776 : 0.510450
58806 58814 - 58825 58833 : 0.588228
58840 58848 - 58854 58862 : 0.540873
58878 58885 - 58889 58896 : 0.515774
58987 58996 - 58976 58985 : 0.628968
59046 59059 - 59049 59062 : 0.513779
59142 59150 - 59119 59127 : 0.519709
59177 59187 - 59136 59146 : 0.505123
59202 59215 - 59245 59258 : 0.500514
59277 59286 - 59256 59265 : 0.533968
59333 59341 - 59338 59346 : 0.556746
59350 59359 - 59360 59369 : 0.628968
59451 59457 - 59464 59470 : 0.504762
59484 59492 - 59451 59459 : 0.662302
59540 59550 - 59563 59573 : 0.512698
59561 59573 - 59605 59617 : 0.535262
59664 59673 - 59632 59641 : 0.506230
59729 59740 - 59720 59731 : 0.563528
59742 59750 - 59755 59763 : 0.636376
59811 59819 - 59821 59829 : 0.577910
59840 59849 - 59798 59807 : 0.503016
59878 59888 - 59908 59918 : 0.565729
59929 59936 - 59888 59895 : 0.522024
60146 60154 - 60139 60147 : 0.577910
60181 60189 - 60180 60188 : 0.556746
60367 60377 - 60319 60329 : 0.521789
60404 60412 - 60392 60400 : 0.540873
60466 60475 - 60419 60428 : 0.507183
60561 60569 - 60581 60589 : 0.513095
6062 6071 - 6049 6058 : 0.550635
60638 60644 - 60591 60597 : 0.521429
60680 60694 - 60634 60648 : 0.569785
60698 60708 - 60696 60706 : 0.604726
60726 60736 - 60760 60770 : 0.519408
60762 60769 - 60752 60759 : 0.505357
60909 60918 - 60876 60885 : 0.502063
60940 60949 - 60981 60990 : 0.517302
6095 6107 - 6091 6103 : 0.531416
60969 60978 - 60967 60976 : 0.542302
61149 61159 - 61159 61169 : 0.545527
61168 61180 - 61137 61149 : 0.580134
61205 61213 - 61181 61189 : 0.503836
61324 61331 - 61336 61343 : 0.501190
61374 61383 - 61325 61334 : 0.520635
61549 61559 - 61556 61566 : 0.565332
61629 61643 - 61665 61679 : 0.510769
61653 61663 - 61688 61698 : 0.510786
61681 61690 - 61649 61658 : 0.553968
6169 6177 - 6190 6198 : 0.510450
61754 61763 - 61780 61789 : 0.531230
61941 61950 - 61968 61977 : 0.553968
61964 61972 - 61937 61945 : 0.543783
62024 62037 - 62045 62058 : 0.526835
62055 62065 - 62095 62105 : 0.565332
62229 62239 - 62180 62190 : 0.537085
62229 62241 - 62205 62217 : 0.509127
62253 62263 - 62292 62302 : 0.512698
6228 6236 - 6247 6255 : 0.588228
623 631 - 596 604 : 0.543783
62388 62399 - 62403 62414 : 0.505889
62421 62431 - 62383 62393 : 0.520274
62449 62458 - 62453 62462 : 0.500635
62475 62483 - 62462 62470 : 0.503836
62637 62646 - 62609 62618 : 0.578968
62666 62674 - 62670 62678 : 0.553042
62724 62732 - 62703 62711 : 0.593783
62778 62787 - 62780 62789 : 0.578968
62828 62835 - 62844 62851 : 0.578274
62964 62973 - 62961 62970 : 0.578968
62977 62987 - 62934 62944 : 0.506241
6300 6307 - 6311 6318 : 0.515774
63020 63028 - 62987 62995 : 0.503836
63116 63125 - 63096 63105 : 0.503016
63154 63162 - 63167 63175 : 0.550132
63163 63172 - 63152 63161 : 0.632183
63247 63263 - 63212 63228 : 0.543450
63292 63304 - 63310 63322 : 0.545671
63355 63365 - 63350 63360 : 0.572799
63427 63435 - 63400 63408 : 0.577910
63489 63498 - 63530 63539 : 0.557183
63506 63518 - 63530 63542 : 0.531416
63602 63617 - 63576 63591 : 0.527232
63662 63673 - 63695 63706 : 0.553211
63689 63697 - 63714 63722 : 0.519709
63756 63766 - 63764 63774 : 0.506782
63830 63839 - 63785 63794 : 0.553016
63855 63863 - 63892 63900 : 0.577910
63930 63938 - 63930 63938 : 0.528968
63973 63986 - 63963 63976 : 0.596800
63977 63987 - 63967 63977 : 0.556241
6409 6418 - 6398 6407 : 0.628968
64103 64112 - 64068 64077 : 0.528968
64278 64289 - 64257 64268 : 0.569580
64296 64303 - 64340 64347 : 0.522024
64304 64311 - 64308 64315 : 0.501190
64467 64480 - 64470 64483 : 0.501758
64496 64506 - 64490 64500 : 0.512698
6468 6481 - 6471 6484 : 0.513779
64721 64731 - 64714 64724 : 0.535029
64832 64842 - 64880 64890 : 0.512302
64895 64904 - 64853 64862 : 0.590516
64954 64964 - 64936 64946 : 0.504618
65085 65092 - 65132 65139 : 0.547024
65221 65229 - 65226 65234 : 0.503836
65372 65381 - 65366 65375 : 0.533968
65451 65460 - 65476 65485 : 0.667302
65591 65598 - 65586 65593 : 0.557440
6564 6572 - 6541 6549 : 0.519709
65682 65693 - 65712 65723 : 0.525433
65709 65717 - 65691 65699 : 0.699339
65805 65816 - 65854 65865 : 0.575797
6599 6609 - 6558 6568 : 0.505123
66057 66066 - 66011 66020 : 0.519683
66158 66168 - 66178 66188 : 0.565729
66172 66186 - 66141 66155 : 0.592356
66235 66243 - 66236 66244 : 0.509392
6624 6637 - 6667 6680 : 0.500514
66242 66253 - 66204 66215 : 0.553211
66337 66346 - 66313 66322 : 0.528968
66567 66576 - 66525 66534 : 0.520635
66637 66646 - 66623 66632 : 0.595635
66693 66702 - 66734 66743 : 0.578968
66729 66736 - 66695 66702 : 0.515774
66789 66798 - 66817 66826 : 0.528016
66818 66831 - 66837 66850 : 0.553943
66919 66927 - 66955 66963 : 0.525265
66951 66962 - 66912 66923 : 0.503938
6699 6708 - 6678 6687 : 0.533968
67071 67079 - 67057 67065 : 0.540873
67208 67218 - 67205 67215 : 0.595635
67392 67401 - 67380 67389 : 0.520516
67403 67412 - 67390 67399 : 0.550635
67436 67448 - 67432 67444 : 0.531416
67510 67518 - 67531 67539 : 0.510450
6755 6763 - 6760 6768 : 0.556746
67569 67577 - 67588 67596 : 0.588228
67603 67611 - 67617 67625 : 0.540873
67641 67648 - 67652 67659 : 0.515774
6772 6781 - 6782 6791 : 0.628968
67750 67759 - 67739 67748 : 0.628968
67809 67822 - 67812 67825 : 0.513779
67905 67913 - 67882 67890 : 0.519709
67940 67950 - 67899 67909 : 0.505123
67965 67978 - 68008 68021 : 0.500514
68040 68049 - 68019 68028 : 0.533968
68096 68104 - 68101 68109 : 0.556746
68113 68122 - 68123 68132 : 0.628968
68214 68220 - 68227 68233 : 0.504762
68247 68255 - 68214 68222 : 0.662302
683 696 - 704 717 : 0.526835
68303 68313 - 68326 68336 : 0.512698
68324 68336 - 68368 68380 : 0.535262
68427 68436 - 68395 68404 : 0.506230
68492 68503 - 68483 68494 : 0.563528
68505 68513 - 68518 68526 : 0.636376
68574 68582 - 68584 68592 : 0.577910
68603 68612 - 68561 68570 : 0.503016
68641 68651 - 68671 68681 : 0.565729
68692 68699 - 68651 68658 : 0.522024
6873 6879 - 6886 6892 : 0.504762
68790 68800 - 68823 68833 : 0.619877
68909 68917 - 68902 68910 : 0.577910
68944 68952 - 68943 68951 : 0.556746
6906 6914 - 6873 6881 : 0.662302
69094 69104 - 69051 69061 : 0.571176
69130 69140 - 69082 69092 : 0.521789
69167 69175 - 69155 69163 : 0.540873
69229 69238 - 69182 69191 : 0.507183
69324 69332 - 69344 69352 : 0.513095
69401 69407 - 69354 69360 : 0.521429
69443 69457 - 69397 69411 : 0.569785
69461 69471 - 69459 69469 : 0.604726
69489 69499 - 69523 69533 : 0.519408
69525 69532 - 69515 69522 : 0.505357
6962 6972 - 6985 6995 : 0.512698
69672 69681 - 69639 69648 : 0.502063
69703 69712 - 69744 69753 : 0.517302
69732 69741 - 69730 69739 : 0.542302
6983 6995 - 7027 7039 : 0.535262
69912 69922 - 69922 69932 : 0.545527
69931 69943 - 69900 69912 : 0.580134
69968 69976 - 69944 69952 : 0.503836
70087 70094 - 70099 70106 : 0.501190
70137 70146 - 70088 70097 : 0.520635
70312 70322 - 70319 70329 : 0.565332
70392 70406 - 70428 70442 : 0.510769
70416 70426 - 70451 70461 : 0.510786
70444 70453 - 70412 70421 : 0.553968
70517 70526 - 70543 70552 : 0.531230
70704 70713 - 70731 70740 : 0.553968
70727 70735 - 70700 70708 : 0.543783
70787 70800 - 70808 70821 : 0.526835
70818 70828 - 70858 70868 : 0.565332
7086 7095 - 7054 7063 : 0.506230
70992 71002 - 70943 70953 : 0.537085
70992 71004 - 70968 70980 : 0.509127
71016 71026 - 71055 71065 : 0.512698
71151 71162 - 71166 71177 : 0.505889
71184 71194 - 71146 71156 : 0.520274
71212 71221 - 71216 71225 : 0.500635
71238 71246 - 71225 71233 : 0.503836
714 724 - 754 764 : 0.565332
71400 71409 - 71372 71381 : 0.578968
71429 71437 - 71433 71441 : 0.553042
71487 71495 - 71466 71474 : 0.593783
7151 7162 - 7142 7153 : 0.563528
71541 71550 - 71543 71552 : 0.578968
71591 71598 - 71607 71614 : 0.578274
7164 7172 - 7177 7185 : 0.636376
71727 71736 - 71724 71733 : 0.578968
71740 71750 - 71697 71707 : 0.506241
71783 71791 - 71750 71758 : 0.503836
71879 71888 - 71859 71868 : 0.503016
71917 71925 - 71930 71938 : 0.550132
71926 71935 - 71915 71924 : 0.632183
72010 72026 - 71975 71991 : 0.543450
72055 72067 - 72073 72085 : 0.545671
72118 72128 - 72113 72123 : 0.572799
72190 72198 - 72163 72171 : 0.577910
72269 72281 - 72293 72305 : 0.531416
72365 72380 - 72339 72354 : 0.527232
72425 72436 - 72458 72469 : 0.553211
72452 72460 - 72477 72485 : 0.519709
72519 72529 - 72527 72537 : 0.506782
72593 72602 - 72548 72557 : 0.553016
72618 72626 - 72655 72663 : 0.577910
72693 72701 - 72693 72701 : 0.528968
72736 72749 - 72726 72739 : 0.596800
72740 72750 - 72730 72740 : 0.556241
72866 72875 - 72831 72840 : 0.528968
7300 7310 - 7330 7340 : 0.565729
73041 73052 - 73020 73031 : 0.569580
73059 73066 - 73103 73110 : 0.522024
73067 73074 - 73071 73078 : 0.501190
73230 73243 - 73233 73246 : 0.501758
73259 73269 - 73253 73263 : 0.512698
73484 73494 - 73477 73487 : 0.535029
7351 7358 - 7310 7317 : 0.522024
73595 73605 - 73643 73653 : 0.512302
73658 73667 - 73616 73625 : 0.590516
73717 73727 - 73699 73709 : 0.504618
73848 73855 - 73895 73902 : 0.547024
73984 73992 - 73989 73997 : 0.503836
74135 74144 - 74129 74138 : 0.533968
74214 74223 - 74239 74248 : 0.667302
74354 74361 - 74349 74356 : 0.557440
74445 74456 - 74475 74486 : 0.525433
74472 74480 - 74454 74462 : 0.699339
74568 74579 - 74617 74628 : 0.575797
74820 74829 - 74774 74783 : 0.519683
74921 74931 - 74941 74951 : 0.565729
74935 74949 - 74904 74918 : 0.592356
74998 75006 - 74999 75007 : 0.509392
75005 75016 - 74967 74978 : 0.553211
75100 75109 - 75076 75085 : 0.528968
75330 75339 - 75288 75297 : 0.520635
75400 75409 - 75386 75395 : 0.595635
75456 75465 - 75497 75506 : 0.578968
75492 75499 - 75458 75465 : 0.515774
75552 75561 - 75580 75589 : 0.528016
75581 75594 - 75600 75613 : 0.553943
7568 7576 - 7561 7569 : 0.577910
75682 75690 - 75718 75726 : 0.525265
75714 75725 - 75675 75686 : 0.503938
75834 75842 - 75820 75828 : 0.540873
75971 75981 - 75968 75978 : 0.595635
7603 7611 - 7602 7610 : 0.556746
76155 76164 - 76143 76152 : 0.520516
76166 76175 - 76153 76162 : 0.550635
76199 76211 - 76195 76207 : 0.531416
76273 76281 - 76294 76302 : 0.510450
76332 76340 - 76351 76359 : 0.588228
76366 76374 - 76380 76388 : 0.540873
76404 76411 - 76415 76422 : 0.515774
76513 76522 - 76502 76511 : 0.628968
76572 76585 - 76575 76588 : 0.513779
76668 76676 - 76645 76653 : 0.519709
76703 76713 - 76662 76672 : 0.505123
76728 76741 - 76771 76784 : 0.500514
76803 76812 - 76782 76791 : 0.533968
76859 76867 - 76864 76872 : 0.556746
76876 76885 - 76886 76895 : 0.628968
76977 76983 - 76990 76996 : 0.504762
77010 77018 - 76977 76985 : 0.662302
77066 77076 - 77089 77099 : 0.512698
77087 77099 - 77131 77143 : 0.535262
77190 77199 - 77158 77167 : 0.506230
77255 77266 - 77246 77257 : 0.563528
77268 77276 - 77281 77289 : 0.636376
77337 77345 - 77347 77355 : 0.577910
77366 77375 - 77324 77333 : 0.503016
77404 77414 - 77434 77444 : 0.565729
77455 77462 - 77414 77421 : 0.522024
77672 77680 - 77665 77673 : 0.577910
77707 77715 - 77706 77714 : 0.556746
7789 7799 - 7741 7751 : 0.521789
77893 77903 - 77845 77855 : 0.521789
77930 77938 - 77918 77926 : 0.540873
77992 78001 - 77945 77954 : 0.507183
78087 78095 - 78107 78115 : 0.513095
78164 78170 - 78117 78123 : 0.521429
78206 78220 - 78160 78174 : 0.569785
78224 78234 - 78222 78232 : 0.604726
78252 78262 - 78286 78296 : 0.519408
7826 7834 - 7814 7822 : 0.540873
78288 78295 - 78278 78285 : 0.505357
78435 78444 - 78402 78411 : 0.502063
78466 78475 - 78507 78516 : 0.517302
78495 78504 - 78493 78502 : 0.542302
78675 78685 - 78685 78695 : 0.545527
78694 78706 - 78663 78675 : 0.580134
78731 78739 - 78707 78715 : 0.503836
78850 78857 - 78862 78869 : 0.501190
7888 7897 - 7841 7850 : 0.507183
78900 78909 - 78851 78860 : 0.520635
79075 79085 - 79082 79092 : 0.565332
79155 79169 - 79191 79205 : 0.510769
79179 79189 - 79214 79224 : 0.510786
79207 79216 - 79175 79184 : 0.553968
79280 79289 - 79306 79315 : 0.531230
79467 79476 - 79494 79503 : 0.553968
79490 79498 - 79463 79471 : 0.543783
79550 79563 - 79571 79584 : 0.526835
79581 79591 - 79621 79631 : 0.565332
79755 79765 - 79706 79716 : 0.537085
79755 79767 - 79731 79743 : 0.509127
79779 79789 - 79818 79828 : 0.512698
7983 7991 - 8003 8011 : 0.513095
79914 79925 - 79929 79940 : 0.505889
79947 79957 - 79909 79919 : 0.520274
79975 79984 - 79979 79988 : 0.500635
80001 80009 - 79988 79996 : 0.503836
80163 80172 - 80135 80144 : 0.578968
80192 80200 - 80196 80204 : 0.553042
80250 80258 - 80229 80237 : 0.593783
80304 80313 - 80306 80315 : 0.578968
80354 80361 - 80370 80377 : 0.578274
80490 80499 - 80487 80496 : 0.578968
80503 80513 - 80460 80470 : 0.506241
80546 80554 - 80513 80521 : 0.503836
8060 8066 - 8013 8019 : 0.521429
80642 80651 - 80622 80631 : 0.503016
80680 80688 - 80693 80701 : 0.550132
80689 80698 - 80678 80687 : 0.632183
80773 80789 - 80738 80754 : 0.543450
80818 80830 - 80836 80848 : 0.545671
80881 80891 - 80876 80886 : 0.572799
80953 80961 - 80926 80934 : 0.577910
81015 81024 - 81056 81065 : 0.557183
8102 8116 - 8056 8070 : 0.569785
81032 81044 - 81056 81068 : 0.531416
81128 81143 - 81102 81117 : 0.527232
81188 81199 - 81221 81232 : 0.553211
8120 8130 - 8118 8128 : 0.604726
81215 81223 - 81240 81248 : 0.519709
81282 81292 - 81290 81300 : 0.506782
81356 81365 - 81311 81320 : 0.553016
81381 81389 - 81418 81426 : 0.577910
81456 81464 - 81456 81464 : 0.528968
8148 8158 - 8182 8192 : 0.519408
81499 81512 - 81489 81502 : 0.596800
81503 81513 - 81493 81503 : 0.556241
81629 81638 - 81594 81603 : 0.528968
81804 81815 - 81783 81794 : 0.569580
81822 81829 - 81866 81873 : 0.522024
81830 81837 - 81834 81841 : 0.501190
8184 8191 - 8174 8181 : 0.505357
81993 82006 - 81996 82009 : 0.501758
82022 82032 - 82016 82026 : 0.512698
82247 82257 - 82240 82250 : 0.535029
82358 82368 - 82406 82416 : 0.512302
82421 82430 - 82379 82388 : 0.590516
82480 82490 - 82462 82472 : 0.504618
82611 82618 - 82658 82665 : 0.547024
82747 82755 - 82752 82760 : 0.503836
82898 82907 - 82892 82901 : 0.533968
82977 82986 - 83002 83011 : 0.667302
83117 83124 - 83112 83119 : 0.557440
83208 83219 - 83238 83249 : 0.525433
83235 83243 - 83217 83225 : 0.699339
8331 8340 - 8298 8307 : 0.502063
83331 83342 - 83380 83391 : 0.575797
83583 83592 - 83537 83546 : 0.519683
83684 83694 - 83704 83714 : 0.565729
83698 83712 - 83667 83681 : 0.592356
83761 83769 - 83762 83770 : 0.509392
83768 83779 - 83730 83741 : 0.553211
83863 83872 - 83839 83848 : 0.528968
8391 8400 - 8389 8398 : 0.542302
84093 84102 - 84051 84060 : 0.520635
84163 84172 - 84149 84158 : 0.595635
84219 84228 - 84260 84269 : 0.578968
84255 84262 - 84221 84228 : 0.515774
84315 84324 - 84343 84352 : 0.528016
84344 84357 - 84363 84376 : 0.553943
84445 84453 - 84481 84489 : 0.525265
84477 84488 - 84438 84449 : 0.503938
84597 84605 - 84583 84591 : 0.540873
84734 84744 - 84731 84741 : 0.595635
84918 84927 - 84906 84915 : 0.520516
84929 84938 - 84916 84925 : 0.550635
84962 84974 - 84958 84970 : 0.531416
85036 85044 - 85057 85065 : 0.510450
85095 85103 - 85114 85122 : 0.588228
85129 85137 - 85143 85151 : 0.540873
85167 85174 - 85178 85185 : 0.515774
85276 85285 - 85265 85274 : 0.628968
85335 85348 - 85338 85351 : 0.513779
85431 85439 - 85408 85416 : 0.519709
85466 85476 - 85425 85435 : 0.505123
85491 85504 - 85534 85547 : 0.500514
85566 85575 - 85545 85554 : 0.533968
85622 85630 - 85627 85635 : 0.556746
85639 85648 - 85649 85658 : 0.628968
8571 8581 - 8581 8591 : 0.545527
85740 85746 - 85753 85759 : 0.504762
85773 85781 - 85740 85748 : 0.662302
85829 85839 - 85852 85862 : 0.512698
85850 85862 - 85894 85906 : 0.535262
8590 8602 - 8559 8571 : 0.580134
85953 85962 - 85921 85930 : 0.506230
86018 86029 - 86009 86020 : 0.563528
86031 86039 - 86044 86052 : 0.636376
86100 86108 - 86110 86118 : 0.577910
86129 86138 - 86087 86096 : 0.503016
86167 86177 - 86197 86207 : 0.565729
86218 86225 - 86177 86184 : 0.522024
86435 86443 - 86428 86436 : 0.577910
86470 86478 - 86469 86477 : 0.556746
86656 86666 - 86608 86618 : 0.521789
86693 86701 - 86681 86689 : 0.540873
86755 86764 - 86708 86717 : 0.507183
86850 86858 - 86870 86878 : 0.513095
86927 86933 - 86880 86886 : 0.521429
86969 86983 - 86923 86937 : 0.569785
86987 86997 - 86985 86995 : 0.604726
87015 87025 - 87049 87059 : 0.519408
87051 87058 - 87041 87048 : 0.505357
87198 87207 - 87165 87174 : 0.502063
87229 87238 - 87270 87279 : 0.517302
87258 87267 - 87256 87265 : 0.542302
87438 87448 - 87448 87458 : 0.545527
87457 87469 - 87426 87438 : 0.580134
87494 87502 - 87470 87478 : 0.503836
87613 87620 - 87625 87632 : 0.501190
87663 87672 - 87614 87623 : 0.520635
87838 87848 - 87845 87855 : 0.565332
87918 87932 - 87954 87968 : 0.510769
87942 87952 - 87977 87987 : 0.510786
8796 8805 - 8747 8756 : 0.520635
87970 87979 - 87938 87947 : 0.553968
88043 88052 - 88069 88078 : 0.531230
88230 88239 - 88257 88266 : 0.553968
88253 88261 - 88226 88234 : 0.543783
88313 88326 - 88334 88347 : 0.526835
88344 88354 - 88384 88394 : 0.565332
88518 88528 - 88469 88479 : 0.537085
88518 88530 - 88494 88506 : 0.509127
88542 88552 - 88581 88591 : 0.512698
88677 88688 - 88692 88703 : 0.505889
88710 88720 - 88672 88682 : 0.520274
88738 88747 - 88742 88751 : 0.500635
88764 88772 - 88751 88759 : 0.503836
888 900 - 864 876 : 0.509127
88926 88935 - 88898 88907 : 0.578968
88955 88963 - 88959 88967 : 0.553042
89013 89021 - 88992 89000 : 0.593783
89067 89076 - 89069 89078 : 0.578968
89117 89124 - 89133 89140 : 0.578274
89253 89262 - 89250 89259 : 0.578968
89266 89276 - 89223 89233 : 0.506241
89309 89317 - 89276 89284 : 0.503836
89405 89414 - 89385 89394 : 0.503016
89443 89451 - 89456 89464 : 0.550132
89452 89461 - 89441 89450 : 0.632183
89536 89552 - 89501 89517 : 0.543450
89581 89593 - 89599 89611 : 0.545671
89644 89654 - 89639 89649 : 0.572799
8971 8981 - 8978 8988 : 0.565332
89716 89724 - 89689 89697 : 0.577910
89778 89787 - 89819 89828 : 0.557183
89795 89807 - 89819 89831 : 0.531416
89891 89906 - 89865 89880 : 0.527232
89951 89962 - 89984 89995 : 0.553211
89978 89986 - 90003 90011 : 0.519709
90045 90055 - 90053 90063 : 0.506782
90119 90128 - 90074 90083 : 0.553016
90144 90152 - 90181 90189 : 0.577910
90219 90227 - 90219 90227 : 0.528968
90262 90275 - 90252 90265 : 0.596800
90266 90276 - 90256 90266 : 0.556241
90392 90401 - 90357 90366 : 0.528968
9051 9065 - 9087 9101 : 0.510769
90567 90578 - 90546 90557 : 0.569580
90585 90592 - 90629 90636 : 0.522024
90593 90600 - 90597 90604 : 0.501190
9075 9085 - 9110 9120 : 0.510786
90756 90769 - 90759 90772 : 0.501758
90785 90795 - 90779 90789 : 0.512698
91010 91020 - 91003 91013 : 0.535029
9103 9112 - 9071 9080 : 0.553968
91121 91131 - 91169 91179 : 0.512302
91184 91193 - 91142 91151 : 0.590516
912 922 - 951 961 : 0.512698
91243 91253 - 91225 91235 : 0.504618
91374 91381 - 91421 91428 : 0.547024
91510 91518 - 91515 91523 : 0.503836
91661 91670 - 91655 91664 : 0.533968
91740 91749 - 91765 91774 : 0.667302
9176 9185 - 9202 9211 : 0.531230
91880 91887 - 91875 91882 : 0.557440
91971 91982 - 92001 92012 : 0.525433
91998 92006 - 91980 91988 : 0.699339
92094 92105 - 92143 92154 : 0.575797
92346 92355 - 92300 92309 : 0.519683
92447 92457 - 92467 92477 : 0.565729
92461 92475 - 92430 92444 : 0.592356
92524 92532 - 92525 92533 : 0.509392
92531 92542 - 92493 92504 : 0.553211
92626 92635 - 92602 92611 : 0.528968
92856 92865 - 92814 92823 : 0.520635
92926 92935 - 92912 92921 : 0.595635
92982 92991 - 93023 93032 : 0.578968
93018 93025 - 92984 92991 : 0.515774
93078 93087 - 93106 93115 : 0.528016
93107 93120 - 93126 93139 : 0.553943
93208 93216 - 93244 93252 : 0.525265
93240 93251 - 93201 93212 : 0.503938
93360 93368 - 93346 93354 : 0.540873
93497 93507 - 93494 93504 : 0.595635
9363 9372 - 9390 9399 : 0.553968
93681 93690 - 93669 93678 : 0.520516
93692 93701 - 93679 93688 : 0.550635
93725 93737 - 93721 93733 : 0.531416
93799 93807 - 93820 93828 : 0.510450
93858 93866 - 93877 93885 : 0.588228
9386 9394 - 9359 9367 : 0.543783
93892 93900 - 93906 93914 : 0.540873
93930 93937 - 93941 93948 : 0.515774
94039 94048 - 94028 94037 : 0.628968
94098 94111 - 94101 94114 : 0.513779
94194 94202 - 94171 94179 : 0.519709
94229 94239 - 94188 94198 : 0.505123
94254 94267 - 94297 94310 : 0.500514
94329 94338 - 94308 94317 : 0.533968
94385 94393 - 94390 94398 : 0.556746
94402 94411 - 94412 94421 : 0.628968
9446 9459 - 9467 9480 : 0.526835
94503 94509 - 94516 94522 : 0.504762
94536 94544 - 94503 94511 : 0.662302
94592 94602 - 94615 94625 : 0.512698
94613 94625 - 94657 94669 : 0.535262
94716 94725 - 94684 94693 : 0.506230
9477 9487 - 9517 9527 : 0.565332
94781 94792 - 94772 94783 : 0.563528
94794 94802 - 94807 94815 : 0.636376
94863 94871 - 94873 94881 : 0.577910
94892 94901 - 94850 94859 : 0.503016
94930 94940 - 94960 94970 : 0.565729
94981 94988 - 94940 94947 : 0.522024
95198 95206 - 95191 95199 : 0.577910
95233 95241 - 95232 95240 : 0.556746
95419 95429 - 95371 95381 : 0.521789
95456 95464 - 95444 95452 : 0.540873
95518 95527 - 95471 95480 : 0.507183
95613 95621 - 95633 95641 : 0.513095
95690 95696 - 95643 95649 : 0.521429
95732 95746 - 95686 95700 : 0.569785
95750 95760 - 95748 95758 : 0.604726
95778 95788 - 95812 95822 : 0.519408
95814 95821 - 95804 95811 : 0.505357
95961 95970 - 95928 95937 : 0.502063
95992 96001 - 96033 96042 : 0.517302
96021 96030 - 96019 96028 : 0.542302
96201 96211 - 96211 96221 : 0.545527
96220 96232 - 96189 96201 : 0.580134
96257 96265 - 96233 96241 : 0.503836
96376 96383 - 96388 96395 : 0.501190
96426 96435 - 96377 96386 : 0.520635
9651 9663 - 9627 9639 : 0.509127
96601 96611 - 96608 96618 : 0.565332
96681 96695 - 96717 96731 : 0.510769
96705 96715 - 96740 96750 : 0.510786
96733 96742 - 96701 96710 : 0.553968
9675 9685 - 9714 9724 : 0.512698
96806 96815 - 96832 96841 : 0.531230
96993 97002 - 97020 97029 : 0.553968
97016 97024 - 96989 96997 : 0.543783
97076 97089 - 97097 97110 : 0.526835
97107 97117 - 97147 97157 : 0.565332
97281 97291 - 97232 97242 : 0.537085
97281 97293 - 97257 97269 : 0.509127
97305 97315 - 97344 97354 : 0.512698
97440 97451 - 97455 97466 : 0.505889
97473 97483 - 97435 97445 : 0.520274
97501 97510 - 97505 97514 : 0.500635
97527 97535 - 97514 97522 : 0.503836
97689 97698 - 97661 97670 : 0.578968
97718 97726 - 97722 97730 : 0.553042
97776 97784 - 97755 97763 : 0.593783
97830 97839 - 97832 97841 : 0.578968
97880 97887 - 97896 97903 : 0.578274
98016 98025 - 98013 98022 : 0.578968
98029 98039 - 97986 97996 : 0.506241
98072 98080 - 98039 98047 : 0.503836
98168 98177 - 98148 98157 : 0.503016
98206 98214 - 98219 98227 : 0.550132
98215 98224 - 98204 98213 : 0.632183
98299 98315 - 98264 98280 : 0.543450
98344 98356 - 98362 98374 : 0.545671
98407 98417 - 98402 98412 : 0.572799
9843 9853 - 9805 9815 : 0.520274
98479 98487 - 98452 98460 : 0.577910
98541 98550 - 98582 98591 : 0.557183
98558 98570 - 98582 98594 : 0.531416
98654 98669 - 98628 98643 : 0.527232
9871 9880 - 9875 9884 : 0.500635
98714 98725 - 98747 98758 : 0.553211
98741 98749 - 98766 98774 : 0.519709
98808 98818 - 98816 98826 : 0.506782
98882 98891 - 98837 98846 : 0.553016
98907 98915 - 98944 98952 : 0.577910
98982 98990 - 98982 98990 : 0.528968
99025 99038 - 99015 99028 : 0.596800
99029 99039 - 99019 99029 : 0.556241
99155 99164 - 99120 99129 : 0.528968
99330 99341 - 99309 99320 : 0.569580
99348 99355 - 99392 99399 : 0.522024
99356 99363 - 99360 99367 : 0.501190
99519 99532 - 99522 99535 : 0.501758
99548 99558 - 99542 99552 : 0.512698
99773 99783 - 99766 99776 : 0.535029
99884 99894 - 99932 99942 : 0.512302
